0 0.67375 0.08833333 0.6675 0.12416667 0.6825 0.155 0.70875 0.16166666 0.728125 0.14666666 0.735 0.1175 0.7275 0.09166667 0.700625 0.096666664 0.678125 0.085
0 0.55125 0.16666667 0.526875 0.17833333 0.515625 0.19833334 0.5125 0.21833333 0.52125 0.25083333 0.53625 0.26583335 0.55125 0.27 0.575625 0.25833333 0.586875 0.23833333 0.59 0.21833333 0.58125 0.18583333 0.56625 0.17083333
0 0.80125 0.6075 0.77625 0.6225 0.769375 0.65 0.77625 0.69083333 0.794375 0.69916666 0.819375 0.69083333 0.834375 0.66083336 0.83 0.63 0.818125 0.615
0 0.511875 0.29416665 0.485 0.3075 0.470625 0.34916666 0.480625 0.385 0.511875 0.40416667 0.53875 0.39083335 0.553125 0.34916666 0.543125 0.31333333
0 0.08125 0.033333335 0.06625 0.053333335 0.06375 0.09166667 0.084375 0.11833333 0.113125 0.11666667 0.129375 0.08833333 0.123125 0.05 0.10375 0.030833334
0 0.3625 0.37166667 0.34375 0.39 0.336875 0.4325 0.35875 0.45166665 0.368125 0.47416666 0.38625 0.475 0.406875 0.44916666 0.406875 0.41333333 0.38625 0.37416667
0 0.2525 0.1625 0.23375 0.17083333 0.22625 0.18166667 0.22125 0.20416667 0.2275 0.22916667 0.235625 0.23916666 0.2525 0.24583334 0.27125 0.2375 0.27875 0.22666667 0.28375 0.20416667 0.2775 0.17916666 0.269375 0.16916667
0 0.408125 0.7083333 0.3925 0.71166664 0.37625 0.74 0.380625 0.775 0.4 0.7916667 0.421875 0.7825 0.434375 0.75416666 0.42875 0.7216667
0 0.150625 0.37083334 0.131875 0.38 0.12125 0.41 0.128125 0.435 0.150625 0.44916666 0.169375 0.44 0.18 0.41 0.173125 0.385
0 0.10625 0.5108333 0.080625 0.52666664 0.071875 0.56416667 0.085 0.5975 0.11125 0.6066667 0.135 0.5875 0.1425 0.5525 0.13125 0.52166665
0 0.31 0.54083335 0.29125 0.5491667 0.28375 0.56 0.27875 0.5825 0.285 0.6075 0.293125 0.6175 0.31 0.62416667 0.32875 0.61583334 0.33625 0.605 0.34125 0.5825 0.335 0.5575 0.326875 0.5475
0 0.189375 0.09583333 0.16875 0.111666664 0.159375 0.15416667 0.163125 0.1775 0.175625 0.19833334 0.199375 0.20666666 0.218125 0.18583333 0.224375 0.14666666 0.215 0.11083333
0 0.340625 0.46583334 0.315 0.47833332 0.300625 0.51916665 0.31 0.55333334 0.340625 0.5725 0.36625 0.56 0.380625 0.51916665 0.37125 0.485
0 0.911875 0.42583334 0.895 0.43416667 0.885625 0.46083334 0.891875 0.48333332 0.911875 0.49583334 0.92875 0.4875 0.938125 0.46083334 0.931875 0.43833333
0 0.39375 0.0425 0.380625 0.043333333 0.36 0.07416666 0.363125 0.11083333 0.384375 0.13 0.40875 0.12166667 0.418125 0.108333334 0.42125 0.0925 0.418125 0.061666667 0.408125 0.048333332
