0 0.635 0.3475 0.60875 0.33583334 0.5775 0.35 0.563125 0.39166668 0.569375 0.41833332 0.59625 0.43416667 0.63125 0.41416666 0.636875 0.4
0 0.878125 0.6458333 0.855625 0.6558333 0.845 0.6725 0.840625 0.6958333 0.848125 0.72583336 0.860625 0.74 0.878125 0.74583334 0.900625 0.73583335 0.91125 0.7191667 0.915625 0.6958333 0.908125 0.66583335 0.895625 0.65166664
0 0.1225 0.27416667 0.11125 0.29416665 0.111875 0.32416666 0.12625 0.34833333 0.13625 0.35416666 0.14625 0.3525 0.15875 0.33416668 0.158125 0.30666667 0.141875 0.27916667 0.13375 0.27333334
0 0.121875 0.5058333 0.078125 0.5058333 0.065 0.5325 0.06625 0.5675 0.07875 0.5783333 0.096875 0.575 0.118125 0.54
0 0.233125 0.60833335 0.214375 0.6166667 0.206875 0.6275 0.201875 0.65 0.208125 0.675 0.21625 0.685 0.233125 0.69166666 0.251875 0.68333334 0.259375 0.6725 0.264375 0.65 0.258125 0.625 0.25 0.615
0 0.81125 0.705 0.799375 0.7675 0.80875 0.77666664 0.82 0.77916664 0.835625 0.76416665 0.83875 0.74 0.830625 0.71666664
0 0.48875 0.165 0.459375 0.17916666 0.44625 0.2025 0.4425 0.22666667 0.453125 0.26583335 0.470625 0.28333333 0.48875 0.28833333 0.518125 0.27416667 0.53125 0.25083333 0.535 0.22666667 0.524375 0.1875 0.506875 0.17
0 0.291875 0.6641667 0.280625 0.68416667 0.28125 0.71416664 0.295625 0.73833334 0.305625 0.7441667 0.315625 0.7425 0.328125 0.7241667 0.3275 0.69666666 0.31125 0.6691667 0.303125 0.66333336
0 0.493125 0.29166666 0.46625 0.30583334 0.45375 0.34416667 0.464375 0.38 0.493125 0.39666668 0.52 0.3825 0.5325 0.34416667 0.521875 0.30833334
0 0.808125 0.5258333 0.81 0.52666664
0 0.58875 0.09 0.57375 0.096666664 0.5675 0.10583334 0.56375 0.123333335 0.56875 0.14333333 0.575625 0.15166667 0.58875 0.15666667 0.60375 0.15 0.61 0.14083333 0.61375 0.123333335 0.60875 0.10333333 0.601875 0.095
0 0.188125 0.145 0.16125 0.15916666 0.14875 0.1975 0.159375 0.23333333 0.188125 0.25 0.215 0.23583333 0.2275 0.1975 0.216875 0.16166666
0 0.12625 0.16083333 0.101875 0.1725 0.090625 0.1925 0.0875 0.2125 0.09625 0.245 0.11125 0.26 0.12625 0.26416665 0.150625 0.2525 0.161875 0.2325 0.165 0.2125 0.15625 0.18 0.14125 0.165
0 0.855 0.4175 0.841875 0.42416668 0.835 0.44416666 0.84 0.46166667 0.855 0.47083333 0.868125 0.46416667 0.875 0.44416666 0.87 0.42666668
0 0.936875 0.59583336 0.91875 0.60083336 0.90375 0.62916666 0.90625 0.66583335 0.924375 0.685 0.948125 0.67583334 0.95875 0.645 0.95375 0.6116667
0 0.2625 0.5183333 0.2325 0.53333336 0.216875 0.57916665 0.228125 0.6191667 0.2625 0.64 0.2925 0.625 0.308125 0.57916665 0.296875 0.5391667
0 0.0 0.0 0.0 0.064166665 0.020625 0.065 0.03625 0.053333335 0.04625 0.030833334 0.044375 0.0
