0 0.575625 0.835 0.56625 0.8441667 0.560625 0.85833335 0.56125 0.8808333 0.57625 0.90166664 0.6 0.9025 0.609375 0.8933333 0.614375 0.88 0.611875 0.85083336 0.599375 0.8358333
0 0.321875 0.3875 0.299375 0.3975 0.28875 0.41416666 0.284375 0.4375 0.291875 0.4675 0.304375 0.48166665 0.321875 0.4875 0.344375 0.4775 0.355 0.46083334 0.359375 0.4375 0.351875 0.4075 0.339375 0.39333335
0 0.209375 0.55833334 0.198125 0.56416667 0.1925 0.5808333 0.196875 0.59583336 0.209375 0.60333335 0.220625 0.5975 0.22625 0.5808333 0.221875 0.56583333
0 0.478125 0.41166666 0.463125 0.41833332 0.45625 0.42833334 0.4525 0.44583333 0.4575 0.46583334 0.465 0.475 0.478125 0.48 0.493125 0.47333333 0.5 0.46333334 0.50375 0.44583333 0.49875 0.42583334 0.49125 0.41666666
0 0.080625 0.013333334 0.080625 0.08416667 0.100625 0.083333336 0.114375 0.064166665 0.115 0.038333334 0.1 0.016666668
0 0.13125 0.30833334 0.118125 0.31416667 0.1125 0.3225 0.109375 0.3375 0.11375 0.355 0.12 0.3625 0.13125 0.36666667 0.144375 0.36083335 0.15 0.3525 0.153125 0.3375 0.14875 0.32 0.1425 0.3125
0 0.34875 0.7925 0.331875 0.7916667 0.31875 0.8 0.306875 0.8208333 0.3025 0.8516667 0.335 0.8691667 0.368125 0.8516667 0.37375 0.8358333 0.371875 0.8183333 0.36 0.7991667
0 0.0 0.32 0.000625 0.39333335 0.01625 0.4 0.029375 0.39666668 0.040625 0.375 0.03375 0.34 0.019375 0.32083333
0 0.110625 0.05 0.09125 0.061666667 0.08375 0.079166666 0.083125 0.095 0.093125 0.12166667 0.105625 0.13333334 0.11875 0.13583334 0.135 0.12666667 0.1425 0.11083333 0.14375 0.09166667 0.13 0.0575
0 0.82875 0.7441667 0.79875 0.7583333 0.785 0.7816667 0.780625 0.80833334 0.79125 0.84833336 0.80875 0.8666667 0.82875 0.8725 0.85875 0.85833335 0.8725 0.835 0.876875 0.80833334 0.86625 0.7683333 0.84875 0.75
