0 0.869375 0.66333336 0.855 0.68833333 0.860625 0.72083336 0.880625 0.735 0.9025 0.7325 0.91375 0.7241667 0.92375 0.6983333 0.90875 0.68583333 0.903125 0.6675 0.89 0.65833336
0 0.06 0.01 0.053125 0.0475 0.065625 0.0725 0.094375 0.079166666 0.11375 0.06333333 0.116875 0.033333335 0.1025 0.008333334 0.081875 0.0016666667
0 0.158125 0.5341667 0.129375 0.5491667 0.115625 0.5908333 0.126875 0.62916666 0.158125 0.6475 0.186875 0.6325 0.200625 0.5908333 0.189375 0.5525
0 0.33625 0.59 0.320625 0.61583334 0.32375 0.6508333 0.34 0.67 0.368125 0.66833335 0.383125 0.6458333 0.370625 0.62916666 0.37125 0.5991667 0.354375 0.58666664
0 0.828125 0.7241667 0.8075 0.7341667 0.798125 0.75083333 0.795625 0.7675 0.803125 0.795 0.815625 0.8075 0.828125 0.81083333 0.84875 0.80083334 0.858125 0.7841667 0.860625 0.7675 0.853125 0.74 0.840625 0.7275
0 0.03625 0.72583336 0.015 0.7325 0.001875 0.755 0.005 0.7841667 0.020625 0.8 0.04125 0.7975 0.054375 0.7841667 0.0575 0.7733333 0.054375 0.7425
0 0.221875 0.47 0.191875 0.485 0.17625 0.5308333 0.1875 0.5708333 0.221875 0.59166664 0.251875 0.57666665 0.2675 0.5308333 0.25625 0.49083334
0 0.58125 0.48416665 0.5575 0.49583334 0.544375 0.53333336 0.553125 0.565 0.58125 0.5825 0.605 0.5708333 0.618125 0.53333336 0.609375 0.50166667
0 0.505 0.50416666 0.47125 0.52166665 0.455 0.5708333 0.468125 0.61583334 0.505 0.6375 0.53875 0.62 0.555 0.5708333 0.541875 0.5258333
0 0.920625 0.7133333 0.90875 0.70166665 0.881875 0.70666665 0.8675 0.72333336 0.86625 0.745 0.87875 0.75666666 0.909375 0.75333333 0.92125 0.7341667
0 0.763125 0.70916665 0.74625 0.7391667 0.74875 0.7708333 0.7625 0.7891667 0.78875 0.79083335 0.805625 0.7708333 0.80625 0.745 0.78625 0.7133333
0 0.168125 0.49333334 0.151875 0.50166667 0.14375 0.5258333 0.15 0.5475 0.168125 0.55833334 0.184375 0.55 0.1925 0.5258333 0.18625 0.50416666
0 0.735625 0.1425 0.724375 0.16666667 0.730625 0.19083333 0.738125 0.19916667 0.758125 0.205 0.774375 0.19666667 0.78 0.18666667 0.78125 0.17166667 0.770625 0.1425 0.75875 0.135
0 0.781875 0.44083333 0.755 0.45416668 0.740625 0.49583334 0.750625 0.5316667 0.781875 0.55083334 0.80875 0.5375 0.823125 0.49583334 0.813125 0.46
0 0.930625 0.12166667 0.91 0.135 0.9 0.15916666 0.9025 0.185 0.91 0.19583334 0.920625 0.20166667 0.930625 0.20166667
0 0.12375 0.37833333 0.10875 0.38583332 0.100625 0.40916666 0.10625 0.42916667 0.12375 0.44 0.13875 0.4325 0.146875 0.40916666 0.14125 0.38916665
