0 0.229375 0.31916666 0.20625 0.34416667 0.203125 0.38916665 0.22125 0.41583332 0.245625 0.42 0.269375 0.39833334 0.27625 0.35666665 0.261875 0.32666665
0 0.54875 0.35666665 0.523125 0.375 0.519375 0.41 0.5275 0.435 0.54125 0.4525 0.566875 0.45833334 0.59375 0.43666667 0.596875 0.39583334 0.575625 0.36166668
0 0.63375 0.19083333 0.61 0.2025 0.596875 0.24 0.605625 0.27166668 0.63375 0.28916666 0.6575 0.2775 0.670625 0.24 0.661875 0.20833333
0 0.016875 0.74083334 0.0 0.74583334 0.0 0.8425 0.016875 0.8475 0.0425 0.835 0.053125 0.81666666 0.056875 0.7941667 0.0475 0.76 0.03375 0.74583334
0 0.11 0.41416666 0.09875 0.41916665 0.093125 0.4275 0.090625 0.44 0.094375 0.455 0.100625 0.4625 0.11 0.46583334 0.12125 0.46083334 0.126875 0.4525 0.129375 0.44 0.125625 0.425 0.119375 0.4175
0 0.345625 0.67833334 0.346875 0.6925 0.3575 0.7133333 0.38 0.7225 0.395 0.7216667 0.40375 0.715 0.415 0.68833333 0.415 0.67833334
0 0.366875 0.23333333 0.34 0.2475 0.3275 0.28583333 0.338125 0.32166666 0.366875 0.33833334 0.39375 0.32416666 0.40625 0.28583333 0.395625 0.25
0 0.360625 0.46083334 0.33 0.47583333 0.32 0.50666666 0.33 0.53833336 0.355 0.555 0.378125 0.5466667 0.3925 0.51916665 0.38375 0.48166665
0 0.23375 0.17916666 0.210625 0.20416667 0.2075 0.24916667 0.225625 0.27583334 0.25 0.28 0.27375 0.25833333 0.280625 0.21666667 0.26625 0.18666667
0 0.535 0.13416667 0.52125 0.1575 0.5225 0.19833334 0.540625 0.22166666 0.56375 0.22166666 0.575625 0.21 0.5825 0.19166666 0.58125 0.16083333 0.559375 0.135
0 0.04875 0.47916666 0.028125 0.48916668 0.01875 0.5058333 0.01625 0.5225 0.02375 0.55 0.03625 0.5625 0.04875 0.56583333 0.069375 0.55583334 0.07875 0.5391667 0.08125 0.5225 0.07375 0.495 0.06125 0.4825
0 0.8775 0.7891667 0.8575 0.79833335 0.849375 0.81 0.844375 0.8333333 0.85125 0.86 0.86 0.87083334 0.8775 0.8775 0.8975 0.86833334 0.905625 0.8566667 0.910625 0.8333333 0.90375 0.8066667 0.895 0.79583335
0 0.630625 0.69666666 0.61875 0.72583336 0.626875 0.7608333 0.65625 0.77916664 0.68125 0.76916665 0.691875 0.74083334 0.681875 0.7033333 0.6625 0.68916667
0 0.798125 0.83916664 0.775625 0.8491667 0.765 0.86583334 0.760625 0.88916665 0.768125 0.9191667 0.780625 0.93333334 0.798125 0.93916667 0.820625 0.9291667 0.83125 0.9125 0.835625 0.88916665 0.828125 0.8591667 0.815625 0.845
0 0.483125 0.5233333 0.464375 0.5316667 0.456875 0.5425 0.451875 0.565 0.458125 0.59 0.46625 0.6 0.483125 0.6066667 0.501875 0.59833336 0.509375 0.5875 0.514375 0.565 0.508125 0.54 0.5 0.53
0 0.23625 0.55916667 0.22125 0.56666666 0.213125 0.59 0.21875 0.61 0.23625 0.62083334 0.25125 0.61333334 0.259375 0.59 0.25375 0.57
0 0.0 0.3725 0.0 0.4725 0.029375 0.46083334 0.039375 0.4425 0.0425 0.4225 0.033125 0.38916665 0.019375 0.37583333
