0 0.31875 0.31333333 0.30125 0.29333332 0.281875 0.29416665 0.266875 0.32083333 0.264375 0.35083333 0.3175 0.35083333
0 0.5475 0.16333333 0.523125 0.175 0.511875 0.195 0.50875 0.215 0.5175 0.2475 0.5325 0.2625 0.5475 0.26666668 0.571875 0.255 0.583125 0.235 0.58625 0.215 0.5775 0.1825 0.5625 0.1675
0 0.014375 0.375 0.01125 0.39083335 0.013125 0.4125 0.02375 0.42666668 0.036875 0.43333334 0.036875 0.37416667
0 0.648125 0.81583333 0.629375 0.81416667 0.60875 0.85083336 0.61 0.87416667 0.62375 0.89 0.638125 0.8908333 0.65375 0.87583333 0.659375 0.84833336
0 0.41375 0.48083332 0.404375 0.5125 0.408125 0.51916665 0.420625 0.515 0.435 0.5175 0.443125 0.5275 0.44625 0.54083335 0.453125 0.5283333 0.455 0.51416665 0.44375 0.48083332
0 0.339375 0.48583335 0.315 0.49666667 0.304375 0.5125 0.29875 0.54 0.306875 0.5725 0.31875 0.58666664 0.339375 0.5941667 0.36375 0.5833333 0.374375 0.5675 0.38 0.54 0.371875 0.5075 0.36 0.49333334
0 0.6325 0.53833336 0.62375 0.5425 0.62 0.54833335 0.618125 0.5575 0.62125 0.56916666 0.625625 0.57416666 0.6325 0.57666665 0.64125 0.5725 0.645 0.56666666 0.646875 0.5575 0.64375 0.54583335 0.639375 0.54083335
0 0.15375 0.071666665 0.135625 0.08083333 0.12625 0.108333334 0.133125 0.1325 0.15375 0.145 0.171875 0.13583334 0.18125 0.108333334 0.174375 0.08416667
0 0.580625 0.7841667 0.546875 0.8016667 0.530625 0.85083336 0.54375 0.8958333 0.580625 0.9175 0.614375 0.9 0.630625 0.85083336 0.6175 0.80583334
0 0.403125 0.111666664 0.3725 0.12666667 0.355625 0.175 0.366875 0.21583334 0.403125 0.23833333 0.43375 0.22333333 0.450625 0.175 0.439375 0.13416667
0 0.88625 0.76166666 0.875625 0.76666665 0.87125 0.7733333 0.86875 0.785 0.8725 0.7991667 0.8775 0.805 0.88625 0.80833334 0.896875 0.80333334 0.90125 0.7966667 0.90375 0.785 0.9 0.7708333 0.895 0.765
0 0.4525 0.7783333 0.43375 0.7875 0.423125 0.8175 0.43 0.8425 0.4525 0.8566667 0.47125 0.8475 0.481875 0.8175 0.475 0.7925
0 0.615625 0.08583333 0.595 0.09583333 0.585625 0.1125 0.583125 0.12916666 0.590625 0.15666667 0.603125 0.16916667 0.615625 0.1725 0.63625 0.1625 0.645625 0.14583333 0.648125 0.12916666 0.640625 0.10166667 0.628125 0.08916666
0 0.640625 0.43 0.63125 0.42166665 0.61875 0.42083332 0.595625 0.435 0.583125 0.45583335 0.585 0.48166665 0.606875 0.4875 0.620625 0.48 0.6425 0.45333335
0 0.561875 0.73333335 0.55125 0.7266667 0.5325 0.7291667 0.503125 0.7708333 0.4975 0.795 0.508125 0.81583333 0.5225 0.8233333 0.565 0.8233333 0.571875 0.81666666 0.578125 0.7916667
