0 0.401875 0.7441667 0.395625 0.7583333 0.395 0.7725 0.40375 0.79833335 0.421875 0.815 0.440625 0.8125 0.44875 0.795 0.4475 0.775 0.441875 0.76416665 0.42 0.7425
0 0.170625 0.5208333 0.173125 0.55583334 0.1625 0.5883333 0.165625 0.5933333 0.190625 0.6 0.23625 0.58416665 0.2125 0.5466667 0.18625 0.54083335
0 0.746875 0.65166664 0.738125 0.67 0.741875 0.7033333 0.761875 0.72 0.781875 0.71666664 0.7925 0.7 0.79375 0.6716667 0.77 0.6458333
0 0.09375 0.055 0.1275 0.0525 0.144375 0.08 0.153125 0.08083333 0.16 0.07 0.161875 0.03 0.17 0.016666668 0.18625 0.01 0.18 0.0 0.109375 0.0 0.09 0.010833333
0 0.616875 0.37833333 0.593125 0.39 0.58 0.4275 0.58875 0.45916668 0.616875 0.47666666 0.640625 0.465 0.65375 0.4275 0.645 0.39583334
0 0.71875 0.51166666 0.685 0.52916664 0.66875 0.5783333 0.681875 0.62333333 0.71875 0.645 0.7525 0.6275 0.76875 0.5783333 0.755625 0.53333336
0 0.52375 0.31 0.5125 0.375 0.54375 0.40666667 0.584375 0.4 0.586875 0.38583332 0.580625 0.37 0.564375 0.35333332 0.55 0.31833333
0 0.48625 0.37833333 0.47 0.38666666 0.461875 0.41083333 0.468125 0.4325 0.48625 0.44333333 0.5025 0.435 0.510625 0.41083333 0.504375 0.38916665
0 0.786875 0.7991667 0.79375 0.85083336 0.81625 0.8925 0.833125 0.8958333 0.8975 0.86333334 0.8925 0.83 0.881875 0.815 0.85125 0.8125 0.830625 0.7916667
0 0.653125 0.24333334 0.63 0.24583334 0.615625 0.2675 0.615625 0.30166668 0.630625 0.32583332 0.6525 0.32416666 0.67375 0.28916666 0.675 0.28083333 0.663125 0.24916667
0 0.273125 0.11333334 0.258125 0.12083333 0.25 0.14416666 0.255625 0.16416667 0.273125 0.175 0.288125 0.1675 0.29625 0.14416666 0.290625 0.12416667
0 0.015625 0.63 0.0 0.63666666 0.000625 0.7133333 0.01875 0.7341667 0.03 0.73583335 0.044375 0.72333336 0.05 0.70666665 0.03125 0.6333333
0 0.9325 0.2475 0.909375 0.25 0.895 0.27166668 0.895 0.30583334 0.91 0.33 0.931875 0.32833335 0.953125 0.29333332 0.954375 0.285 0.9425 0.25333333
0 0.344375 0.67833334 0.334375 0.705 0.340625 0.7325 0.358125 0.74666667 0.379375 0.74 0.3875 0.72333336 0.38625 0.70416665 0.379375 0.68916667 0.363125 0.675
0 0.5625 0.93416667 0.563125 0.94083333 0.625 0.94083333 0.6075 0.9166667 0.5925 0.90833336 0.580625 0.9116667 0.56625 0.925
0 0.3575 0.6116667 0.340625 0.6191667 0.33375 0.62916666 0.329375 0.64916664 0.335 0.6716667 0.3425 0.68083334 0.3575 0.68666667 0.374375 0.6791667 0.38125 0.6691667 0.385625 0.64916664 0.38 0.62666667 0.3725 0.6175
0 0.139375 0.60333335 0.11875 0.59 0.101875 0.5925 0.09125 0.60333335 0.078125 0.63916665 0.04875 0.6425 0.03625 0.6575 0.105 0.6575 0.111875 0.6358333
0 0.4375 0.76416665 0.40375 0.7816667 0.3875 0.8308333 0.400625 0.87583333 0.4375 0.8975 0.47125 0.88 0.4875 0.8308333 0.474375 0.78583336
0 0.724375 0.41416666 0.701875 0.425 0.691875 0.4425 0.68875 0.46166667 0.696875 0.49166667 0.71 0.505 0.724375 0.50916666 0.746875 0.49833333 0.756875 0.48083332 0.76 0.46166667 0.751875 0.43166667 0.73875 0.41833332
