0 0.190625 0.335 0.183125 0.36083335 0.208125 0.415 0.229375 0.42416668 0.27 0.42166665 0.269375 0.32833335 0.23625 0.32
0 0.191875 0.08583333 0.179375 0.08083333 0.170625 0.06666667 0.16125 0.0725 0.150625 0.07 0.13625 0.085 0.1325 0.108333334 0.14625 0.1225 0.14875 0.13916667 0.161875 0.14 0.17375 0.1225 0.186875 0.115833335
0 0.265 0.053333335 0.25625 0.071666665 0.254375 0.104166664 0.289375 0.14916667 0.32125 0.15166667 0.351875 0.108333334 0.34125 0.060833335 0.3275 0.048333332
0 0.6375 0.9033333 0.63125 0.92833334 0.636875 0.9583333 0.66 0.945 0.6775 0.94666666 0.686875 0.955 0.689375 0.925 0.685625 0.9116667 0.67375 0.89666665 0.663125 0.89 0.6475 0.8908333
0 0.133125 0.27333334 0.111875 0.285 0.1 0.30916667 0.1 0.31666666 0.118125 0.33833334 0.135625 0.3375 0.148125 0.3175 0.146875 0.28333333
0 0.294375 0.47 0.263125 0.47083333 0.2325 0.525 0.23125 0.5683333 0.248125 0.5966667 0.27875 0.5875 0.303125 0.5225 0.306875 0.49333334
0 0.629375 0.0 0.603125 0.0125 0.590625 0.035 0.5875 0.055833332 0.596875 0.090833336 0.61375 0.1075 0.629375 0.111666664 0.655625 0.09916667 0.668125 0.07666667 0.67125 0.055833332 0.661875 0.020833334 0.645 0.004166667
0 0.420625 0.24583334 0.393125 0.25916666 0.38125 0.28 0.3775 0.30333334 0.3875 0.34 0.403125 0.35583332 0.420625 0.36083335 0.448125 0.3475 0.46 0.32666665 0.46375 0.30333334 0.45375 0.26666668 0.438125 0.25083333
0 0.57625 0.27166668 0.559375 0.28833333 0.55375 0.33 0.566875 0.36333334 0.59625 0.365 0.613125 0.345 0.623125 0.31666666 0.61375 0.28833333 0.59625 0.27416667
0 0.08625 0.2825 0.08 0.285 0.07625 0.29 0.074375 0.29833335 0.07625 0.30666667 0.08 0.31166667 0.08625 0.31416667 0.0925 0.31166667 0.09625 0.30666667 0.098125 0.29833335 0.09625 0.29 0.0925 0.285
0 0.7925 0.37666667 0.788125 0.3975 0.804375 0.43416667 0.8275 0.43166667 0.838125 0.42166665 0.840625 0.39833334 0.828125 0.37666667 0.815 0.36833334 0.803125 0.36916667
