0 0.495625 0.62166667 0.47125 0.6141667 0.449375 0.62916666 0.445625 0.6483333 0.454375 0.69 0.47125 0.6958333 0.4875 0.685 0.505 0.64666665
0 0.296875 0.41166666 0.295625 0.4425 0.311875 0.46083334 0.33625 0.46083334 0.351875 0.44583333 0.354375 0.425 0.3475 0.41 0.334375 0.40083334 0.31875 0.39666668 0.30625 0.40083334
0 0.039375 0.9033333 0.028125 0.90833336 0.0225 0.9175 0.020625 0.92833334 0.024375 0.9433333 0.03125 0.9508333 0.039375 0.9533333 0.050625 0.9483333 0.05625 0.93916667 0.058125 0.92833334 0.054375 0.91333336 0.0475 0.9058333
0 0.5825 0.8466667 0.5775 0.86333334 0.586875 0.8883333 0.61875 0.9066667 0.638125 0.89666665 0.6425 0.86833334 0.63125 0.8425 0.603125 0.8308333
0 0.386875 0.62083334 0.3575 0.635 0.344375 0.65833336 0.340625 0.6825 0.35125 0.7216667 0.36875 0.7391667 0.386875 0.7441667 0.41625 0.73 0.429375 0.70666665 0.433125 0.6825 0.4225 0.6433333 0.405 0.62583333
0 0.25375 0.26833335 0.223125 0.28333333 0.20625 0.33166668 0.2175 0.3725 0.25375 0.395 0.284375 0.38 0.30125 0.33166668 0.29 0.29083332
0 0.32 0.7525 0.3025 0.75333333 0.285 0.78333336 0.28375 0.8433333 0.28875 0.8666667 0.318125 0.86833334 0.33875 0.8383333 0.335 0.7783333
0 0.481875 0.6958333 0.455625 0.7083333 0.443125 0.73083335 0.44 0.75166667 0.449375 0.7866667 0.46625 0.80333334 0.481875 0.8075 0.508125 0.795 0.520625 0.7725 0.52375 0.75166667 0.514375 0.71666664 0.4975 0.7
0 0.316875 0.061666667 0.30125 0.075 0.295625 0.10333333 0.30375 0.1225 0.3225 0.13 0.3375 0.11666667 0.341875 0.086666666 0.3325 0.06583333
0 0.55 0.58166665 0.535625 0.5883333 0.53 0.5966667 0.52625 0.61333334 0.53125 0.6325 0.5375 0.64 0.55 0.645 0.564375 0.6383333 0.57 0.63 0.57375 0.61333334 0.56875 0.5941667 0.5625 0.58666664
0 0.440625 0.7175 0.4275 0.7158333 0.401875 0.7658333 0.41125 0.78833336 0.42625 0.79083335 0.445 0.7675 0.450625 0.73583335
0 0.196875 0.14083333 0.178125 0.12666667 0.155 0.135 0.143125 0.16 0.1475 0.1925 0.1575 0.175 0.1925 0.16916667 0.20125 0.1775 0.2025 0.16083333
0 0.434375 0.0016666667 0.4125 0.0125 0.400625 0.046666667 0.40875 0.075833336 0.434375 0.09166667 0.45625 0.08083333 0.468125 0.046666667 0.46 0.0175
0 0.0 0.1725 0.0 0.26583335 0.01125 0.26833335 0.035 0.25666666 0.045625 0.23666666 0.048125 0.21916667 0.039375 0.1875 0.024375 0.17333333
0 0.825 0.41083333 0.81125 0.4425 0.816875 0.46833333 0.833125 0.47916666 0.854375 0.47166666 0.86375 0.48666668 0.875625 0.49 0.875625 0.41333333 0.85875 0.42583334 0.84125 0.41083333
0 0.80625 0.00083333335 0.800625 0.02 0.8075 0.04083333 0.821875 0.048333332 0.8375 0.039166667 0.843125 0.02 0.8375 0.00083333335
0 0.116875 0.9425 0.109375 0.9458333 0.104375 0.95916665 0.106875 0.9691667 0.116875 0.97583336 0.124375 0.9725 0.129375 0.95916665 0.126875 0.94916666
0 0.321875 0.13583334 0.311875 0.155 0.316875 0.1825 0.33375 0.19333333 0.349375 0.1925 0.361875 0.18333334 0.370625 0.16 0.36375 0.13583334 0.349375 0.1275 0.33375 0.12833333
