0 0.778125 0.29416665 0.73625 0.305 0.71375 0.3275 0.71125 0.35666665 0.75125 0.39166668 0.76625 0.38666666 0.79125 0.33416668 0.78875 0.30833334
0 0.254375 0.6383333 0.220625 0.6558333 0.204375 0.705 0.2175 0.75 0.254375 0.77166665 0.288125 0.75416666 0.304375 0.705 0.29125 0.66
0 0.161875 0.8775 0.151875 0.88166666 0.146875 0.8883333 0.14375 0.90166664 0.146875 0.915 0.151875 0.9216667 0.161875 0.92583334 0.171875 0.9216667 0.176875 0.915 0.18 0.90166664 0.176875 0.8883333 0.171875 0.88166666
0 0.820625 0.6308333 0.78125 0.65166664 0.763125 0.7075 0.77875 0.76 0.820625 0.7841667 0.86 0.7633333 0.878125 0.7075 0.8625 0.655
0 0.566875 0.7875 0.53125 0.8041667 0.514375 0.805 0.51375 0.8325 0.521875 0.8525 0.543125 0.8625 0.5675 0.85083336 0.576875 0.8125
0 0.699375 0.18833333 0.673125 0.20083334 0.660625 0.22333333 0.6575 0.24416667 0.666875 0.27916667 0.68375 0.29583332 0.699375 0.3 0.725625 0.2875 0.738125 0.265 0.74125 0.24416667 0.731875 0.20916666 0.715 0.1925
0 0.243125 0.2025 0.210625 0.21833333 0.1925 0.27 0.204375 0.31333333 0.243125 0.3375 0.275625 0.32166666 0.29375 0.27 0.281875 0.22666667
0 0.760625 0.51666665 0.7425 0.50916666 0.71375 0.5208333 0.7 0.55916667 0.7075 0.5883333 0.739375 0.6016667 0.770625 0.58166665 0.773125 0.54583335
0 0.085 0.32916668 0.071875 0.33583334 0.065 0.35583332 0.07 0.37333333 0.085 0.3825 0.098125 0.37583333 0.105 0.35583332 0.1 0.33833334
0 0.479375 0.0975 0.478125 0.115833335 0.49625 0.15083334 0.51 0.1575 0.530625 0.15583333 0.541875 0.14083333 0.544375 0.115833335 0.524375 0.08 0.514375 0.075
