0 0.3325 0.76916665 0.311875 0.7783333 0.30375 0.79 0.298125 0.815 0.305 0.8425 0.31375 0.85333335 0.3325 0.86083335 0.353125 0.8516667 0.36125 0.84 0.366875 0.815 0.36 0.7875 0.35125 0.77666664
0 0.48125 0.71666664 0.47125 0.73333335 0.47 0.75 0.485625 0.7966667 0.49875 0.8066667 0.5275 0.7966667 0.54 0.7758333 0.54125 0.75916666 0.535 0.74083334 0.52125 0.725 0.500625 0.715
0 0.54375 0.395 0.519375 0.40583333 0.50875 0.42166665 0.503125 0.44916666 0.51125 0.48166665 0.523125 0.49583334 0.54375 0.50333333 0.568125 0.4925 0.57875 0.47666666 0.584375 0.44916666 0.57625 0.41666666 0.564375 0.4025
0 0.701875 0.0025 0.690625 0.008333334 0.685 0.025 0.689375 0.04 0.701875 0.0475 0.713125 0.041666668 0.71875 0.025 0.714375 0.01
0 0.484375 0.15416667 0.44875 0.17166667 0.429375 0.2275 0.4425 0.275 0.484375 0.30083334 0.52 0.28333333 0.539375 0.2275 0.52625 0.18
0 0.913125 0.8808333 0.901875 0.8858333 0.89625 0.89416665 0.89375 0.9066667 0.8975 0.9216667 0.90375 0.9291667 0.913125 0.9325 0.924375 0.9275 0.93 0.9191667 0.9325 0.9066667 0.92875 0.89166665 0.9225 0.88416666
0 0.81875 0.004166667 0.806875 0.0325 0.80875 0.059166666 0.823125 0.07416666 0.841875 0.07333333 0.858125 0.050833333 0.8625 0.035833333 0.860625 0.01 0.84 0.021666666 0.825625 0.015
0 0.30875 0.87333333 0.310625 0.90166664 0.323125 0.91583335 0.335625 0.9141667 0.35625 0.9325 0.375625 0.9291667 0.39625 0.9058333 0.381875 0.86833334 0.360625 0.84583336 0.35125 0.85583335 0.338125 0.845 0.320625 0.85083336
0 0.54625 0.28 0.5275 0.28333333 0.513125 0.30416667 0.515625 0.35 0.525625 0.37333333 0.539375 0.38083333 0.56 0.3725 0.569375 0.3375 0.57 0.29666665
0 0.06875 0.45083332 0.040625 0.46416667 0.026875 0.48916668 0.02375 0.5108333 0.03375 0.54833335 0.0525 0.56666666 0.06875 0.5708333 0.096875 0.5575 0.110625 0.5325 0.11375 0.5108333 0.10375 0.47333333 0.085 0.455
0 0.756875 0.62916666 0.714375 0.6508333 0.693125 0.71416664 0.709375 0.7708333 0.756875 0.7991667 0.799375 0.7775 0.820625 0.71416664 0.804375 0.6575
0 0.435625 0.10166667 0.415 0.111666664 0.405625 0.12833333 0.403125 0.145 0.410625 0.1725 0.423125 0.185 0.435625 0.18833333 0.45625 0.17833333 0.465625 0.16166666 0.468125 0.145 0.460625 0.1175 0.448125 0.105
0 0.000625 0.385 0.0025 0.43083334 0.046875 0.4825 0.06375 0.48083332 0.07125 0.46833333 0.07125 0.45333335 0.050625 0.395 0.02875 0.3775
0 0.0 0.5625 0.000625 0.6333333 0.02 0.635 0.038125 0.6141667 0.0275 0.5883333 0.024375 0.5675
0 0.781875 0.47666666 0.763125 0.485 0.755625 0.49583334 0.750625 0.5183333 0.756875 0.54333335 0.765 0.55333334 0.781875 0.56 0.800625 0.5516667 0.808125 0.54083335 0.813125 0.5183333 0.806875 0.49333334 0.79875 0.48333332
0 0.20625 0.5708333 0.16875 0.59 0.15 0.6458333 0.164375 0.6958333 0.20625 0.72083336 0.24375 0.70166665 0.2625 0.6458333 0.248125 0.59583336
0 0.645625 0.87666667 0.64125 0.8975 0.6575 0.93416667 0.680625 0.9316667 0.69125 0.9216667 0.69375 0.8983333 0.68125 0.87666667 0.668125 0.86833334 0.65625 0.8691667
