0 0.245 0.46916667 0.21875 0.48166665 0.20625 0.50416666 0.203125 0.525 0.2125 0.56 0.229375 0.57666665 0.245 0.5808333 0.27125 0.5683333 0.28375 0.54583335 0.286875 0.525 0.2775 0.49 0.260625 0.47333333
0 0.015625 0.82166666 0.0 0.82666665 0.000625 0.92083335 0.015625 0.925 0.04 0.91333336 0.05125 0.8933333 0.054375 0.87333333 0.045625 0.8408333 0.030625 0.8258333
0 0.85125 0.1475 0.81625 0.16416667 0.80125 0.18916667 0.795625 0.22166666 0.808125 0.26833335 0.826875 0.28833333 0.85125 0.29583332 0.88625 0.27916667 0.90125 0.25416666 0.906875 0.22166666 0.894375 0.175 0.875625 0.155
0 0.866875 0.8666667 0.845625 0.88 0.834375 0.925 0.84875 0.94416666 0.865 0.95 0.883125 0.9375 0.894375 0.91583335 0.88875 0.88416666
0 0.83875 0.655 0.805 0.6125 0.769375 0.6358333 0.74125 0.625 0.749375 0.6825 0.7725 0.68416667 0.805625 0.7083333 0.830625 0.695
0 0.263125 0.34333333 0.236875 0.32916668 0.22 0.34083334 0.213125 0.35916665 0.189375 0.37083334 0.180625 0.39416668 0.184375 0.42416668 0.20375 0.43416667 0.24125 0.43083334 0.24375 0.4125 0.2675 0.385 0.269375 0.35833332
0 0.590625 0.32416666 0.5775 0.33083335 0.570625 0.35083333 0.575625 0.36833334 0.590625 0.3775 0.60375 0.37083334 0.610625 0.35083333 0.605625 0.33333334
0 0.415 0.23916666 0.424375 0.2625 0.431875 0.26416665 0.436875 0.275 0.448125 0.2675 0.460625 0.2675 0.464375 0.25583333 0.47625 0.245 0.473125 0.22666667 0.42125 0.22666667
0 0.20625 0.23916666 0.189375 0.24666667 0.1825 0.25666666 0.178125 0.27666667 0.18375 0.29916668 0.19125 0.30833334 0.20625 0.31416667 0.223125 0.30666667 0.23 0.29666665 0.234375 0.27666667 0.22875 0.25416666 0.22125 0.245
0 0.69375 0.28333333 0.69375 0.3075 0.709375 0.33333334 0.745 0.32833335 0.75875 0.29 0.7575 0.27416667 0.74125 0.26 0.714375 0.26083332
0 0.19375 0.68833333 0.1775 0.6958333 0.17 0.7075 0.166875 0.7241667 0.1725 0.74583334 0.18125 0.7558333 0.19375 0.76 0.21 0.7525 0.2175 0.74083334 0.220625 0.7241667 0.215 0.7025 0.20625 0.6925
0 0.883125 0.4525 0.8525 0.4675 0.835625 0.5158333 0.846875 0.5566667 0.883125 0.57916665 0.91375 0.56416667 0.930625 0.5158333 0.919375 0.475
