0 0.7525 0.27333334 0.71375 0.2725 0.695 0.29833335 0.69625 0.31833333 0.70875 0.33166668 0.73625 0.32833335 0.750625 0.32 0.76 0.29916668 0.753125 0.29
0 0.301875 0.6558333 0.285 0.68083334 0.28 0.7008333 0.30375 0.7291667 0.325625 0.72833335 0.335625 0.71666664 0.338125 0.68833333 0.33 0.6716667 0.30875 0.665
0 0.11625 0.575 0.089375 0.58916664 0.076875 0.6275 0.0875 0.66333336 0.11625 0.68 0.143125 0.66583335 0.155625 0.6275 0.145 0.59166664
0 0.06 0.32333332 0.048125 0.35083333 0.055625 0.37916666 0.094375 0.39 0.11875 0.3675 0.119375 0.33416668 0.101875 0.3125 0.085625 0.31
0 0.105625 0.65 0.069375 0.6675 0.053125 0.69666666 0.04875 0.72583336 0.061875 0.77416664 0.08375 0.79583335 0.105625 0.8016667 0.141875 0.7841667 0.158125 0.755 0.1625 0.72583336 0.149375 0.6775 0.1275 0.6558333
0 0.550625 0.66083336 0.555 0.68083334 0.6275 0.68 0.624375 0.655 0.610625 0.6475 0.60375 0.6358333 0.5775 0.63416666 0.55625 0.6408333
0 0.913125 0.53833336 0.905625 0.5416667 0.900625 0.555 0.903125 0.565 0.913125 0.57166666 0.920625 0.5683333 0.925625 0.555 0.923125 0.545
0 0.36375 0.46083334 0.34625 0.48666668 0.354375 0.5208333 0.353125 0.535 0.3875 0.5475 0.395 0.53333336 0.4025 0.53 0.39875 0.49083334 0.37375 0.45833334
0 0.611875 0.29083332 0.59 0.30166668 0.578125 0.33583334 0.58625 0.365 0.611875 0.38083333 0.63375 0.37 0.645625 0.33583334 0.6375 0.30666667
0 0.86375 0.5441667 0.838125 0.5566667 0.82375 0.5975 0.833125 0.63166666 0.86375 0.6508333 0.889375 0.6383333 0.90375 0.5975 0.894375 0.56333333
0 0.071875 0.64416665 0.034375 0.6641667 0.0175 0.71666664 0.0325 0.76666665 0.071875 0.7891667 0.109375 0.76916665 0.12625 0.71666664 0.11125 0.6666667
0 0.6 0.05666667 0.583125 0.064166665 0.57625 0.07416666 0.571875 0.094166666 0.5775 0.11666667 0.585 0.12583333 0.6 0.13166666 0.616875 0.12416667 0.62375 0.11416667 0.628125 0.094166666 0.6225 0.071666665 0.615 0.0625
0 0.92 0.21833333 0.893125 0.22166666 0.881875 0.23333333 0.86375 0.285 0.89 0.3025 0.91 0.30583334 0.919375 0.29166666
0 0.76 0.24416667 0.7375 0.25416666 0.726875 0.27083334 0.7225 0.29416665 0.73 0.32416666 0.7425 0.33833334 0.76 0.34416667 0.7825 0.33416668 0.793125 0.3175 0.7975 0.29416665 0.79 0.26416665 0.7775 0.25
0 0.4575 0.5275 0.425 0.545 0.410625 0.59 0.42375 0.6333333 0.4575 0.6525 0.49 0.635 0.504375 0.59 0.49125 0.5466667
0 0.59125 0.5125 0.574375 0.52 0.5675 0.53 0.563125 0.55 0.56875 0.5725 0.57625 0.58166665 0.59125 0.5875 0.608125 0.58 0.615 0.57 0.619375 0.55 0.61375 0.5275 0.60625 0.5183333
