0 0.515 0.51916665 0.484375 0.5341667 0.4675 0.5825 0.47875 0.62333333 0.515 0.6458333 0.545625 0.6308333 0.5625 0.5825 0.55125 0.5416667
0 0.43625 0.27833334 0.41625 0.27833334 0.4 0.29083332 0.3925 0.30666667 0.390625 0.33666667 0.41375 0.3725 0.43125 0.34166667 0.458125 0.33583334 0.454375 0.3
0 0.12625 0.27166668 0.105 0.28666666 0.0975 0.32083333 0.10875 0.35666665 0.1375 0.36583334 0.16 0.34666666 0.165 0.31333333 0.155 0.28583333
0 0.526875 0.8383333 0.50625 0.8475 0.498125 0.8591667 0.4925 0.88416666 0.499375 0.9116667 0.508125 0.9225 0.526875 0.93 0.5475 0.92083335 0.555625 0.9091667 0.56125 0.88416666 0.554375 0.8566667 0.545625 0.84583336
0 0.190625 0.54583335 0.17375 0.55333334 0.16625 0.56416667 0.161875 0.58416665 0.1675 0.6066667 0.175625 0.6166667 0.190625 0.6225 0.2075 0.615 0.215 0.6041667 0.219375 0.58416665 0.21375 0.56166667 0.205625 0.5516667
0 0.128125 0.36416668 0.103125 0.3775 0.091875 0.4125 0.101875 0.44583333 0.128125 0.46083334 0.153125 0.4475 0.164375 0.4125 0.154375 0.37916666
0 0.39625 0.5825 0.383125 0.6066667 0.381875 0.64 0.3975 0.665 0.424375 0.6675 0.44125 0.645 0.44125 0.60583335 0.435625 0.59166664 0.416875 0.595
0 0.55625 0.0016666667 0.556875 0.028333334 0.575625 0.060833335 0.594375 0.06916667 0.608125 0.0525 0.615625 0.028333334 0.608125 0.0
0 0.571875 0.0 0.576875 0.025833333 0.599375 0.0525 0.626875 0.053333335 0.64625 0.026666667 0.646875 0.009166666 0.640625 0.0
0 0.64 0.79 0.615 0.80333334 0.60375 0.8383333 0.61375 0.87166667 0.64 0.88666666 0.665 0.87333333 0.67625 0.8383333 0.66625 0.805
0 0.323125 0.21583334 0.3025 0.21916667 0.285 0.255 0.29125 0.2875 0.31125 0.30416667 0.340625 0.29 0.35 0.26583335 0.345 0.23333333
0 0.319375 0.020833334 0.303125 0.015 0.2875 0.018333333 0.264375 0.044166666 0.26375 0.071666665 0.275 0.096666664 0.304375 0.1025 0.32625 0.0825 0.333125 0.0525
0 0.851875 0.135 0.82 0.15 0.805 0.17583333 0.800625 0.20333333 0.811875 0.24583334 0.83125 0.26583335 0.851875 0.27166668 0.88375 0.25666666 0.89875 0.23083334 0.903125 0.20333333 0.891875 0.16083333 0.8725 0.14083333
