0 0.47625 0.0033333334 0.475 0.0625 0.5075 0.108333334 0.551875 0.11 0.58625 0.06666667 0.59125 0.035 0.585 0.0
0 0.526875 0.52916664 0.50375 0.52916664 0.495625 0.54583335 0.4925 0.56916666 0.50375 0.5925 0.523125 0.59 0.53875 0.5675 0.53625 0.545
0 0.454375 0.71416664 0.428125 0.7266667 0.415625 0.74916667 0.4125 0.77 0.421875 0.805 0.43875 0.82166666 0.454375 0.8258333 0.480625 0.81333333 0.493125 0.79083335 0.49625 0.77 0.486875 0.735 0.47 0.7183333
0 0.76 0.26583335 0.740625 0.2525 0.725625 0.26083332 0.71875 0.27583334 0.71875 0.29 0.725 0.31083333 0.758125 0.305 0.769375 0.28833333
0 0.80375 0.31416667 0.8075 0.33833334 0.82125 0.35833332 0.845625 0.35416666 0.850625 0.3625 0.8675 0.36333334 0.89375 0.34583333 0.891875 0.31666666 0.885 0.30166668 0.84625 0.28583333 0.824375 0.29333332
0 0.931875 0.5158333 0.921875 0.52166665 0.916875 0.5308333 0.918125 0.55916667 0.934375 0.5808333 0.9525 0.5783333 0.965625 0.56 0.96625 0.545 0.95 0.52
0 0.32375 0.28333333 0.309375 0.29083332 0.3025 0.31166667 0.308125 0.33083335 0.32375 0.34 0.338125 0.3325 0.345 0.31166667 0.339375 0.2925
0 0.63375 0.41333333 0.594375 0.4325 0.5725 0.495 0.586875 0.5475 0.63375 0.57666665 0.673125 0.5575 0.695 0.495 0.680625 0.4425
0 0.711875 0.046666667 0.69125 0.065 0.675 0.095 0.686875 0.1 0.689375 0.11416667 0.734375 0.13916667 0.751875 0.11666667 0.758125 0.096666664 0.7425 0.07833333 0.736875 0.058333334
0 0.20625 0.096666664 0.1975 0.100833334 0.19375 0.10666667 0.191875 0.115833335 0.195 0.1275 0.199375 0.1325 0.20625 0.135 0.215 0.13083333 0.21875 0.125 0.220625 0.115833335 0.2175 0.104166664 0.213125 0.09916667
0 0.355 0.64 0.325 0.65416664 0.31125 0.6775 0.306875 0.70416665 0.3175 0.7441667 0.335 0.7625 0.355 0.7683333 0.385 0.75416666 0.39875 0.73083335 0.403125 0.70416665 0.3925 0.6641667 0.375 0.6458333
0 0.679375 0.00083333335 0.6375 0.00083333335 0.6375 0.09583333 0.65875 0.0875 0.669375 0.0725 0.68125 0.0175
0 0.4425 0.135 0.42625 0.1575 0.429375 0.18083334 0.444375 0.19333333 0.4675 0.19083333 0.47875 0.17166667 0.476875 0.1425 0.458125 0.13166666
0 0.281875 0.18 0.25375 0.19333333 0.24 0.21833333 0.236875 0.24 0.246875 0.2775 0.265625 0.29583332 0.281875 0.3 0.31 0.28666666 0.32375 0.26166666 0.326875 0.24 0.316875 0.2025 0.298125 0.18416667
0 0.2725 0.1925 0.26375 0.1725 0.255 0.1625 0.2475 0.1625 0.225 0.175 0.215625 0.18416667 0.214375 0.19416666
