0 0.0781893 0.16052061 0.047325104 0.14750542 0.0010288066 0.19378163 0.0 0.26102674 0.009773662 0.2812726 0.023662552 0.2769342 0.043209877 0.21475054 0.013374486 0.18365872 0.04526749 0.21330442 0.06790123 0.20245843
0 0.07561728 0.028199567 0.095679015 0.04989154 0.100823045 0.07736804 0.11059671 0.06796818 0.125 0.07158352 0.13168724 0.066522054 0.12911522 0.03470716 0.116769545 0.015184382 0.09825103 0.010122921
0 0.80915636 0.40563992 0.784465 0.41793203 0.7731481 0.43817788 0.76954734 0.461316 0.7782922 0.49602315 0.79269546 0.5119306 0.80915636 0.51699203 0.83384776 0.50469995 0.8451646 0.4844541 0.84876543 0.461316 0.8400206 0.42660883 0.8256173 0.41070136
0 0.16358025 0.4099783 0.1574074 0.4128706 0.15483539 0.4164859 0.15277778 0.4251627 0.15483539 0.43383947 0.1574074 0.43745482 0.16358025 0.44034708 0.16975309 0.43745482 0.1723251 0.43383947 0.17438272 0.4251627 0.1723251 0.4164859 0.16975309 0.4128706
0 0.43312758 0.5733912 0.4248971 0.5965293 0.43004116 0.6203905 0.44444445 0.63268256 0.46193415 0.62689805 0.4686214 0.6124367 0.4675926 0.59580624 0.46193415 0.58279103 0.44855967 0.57049894
0 0.56378603 0.32610267 0.54526746 0.33550254 0.537037 0.3506869 0.534465 0.36731744 0.54115224 0.3933478 0.55195475 0.40491685 0.56378603 0.40853217 0.58230454 0.3991323 0.590535 0.38394794 0.593107 0.36731744 0.58641976 0.34128705 0.5756173 0.329718
0 0.7160494 0.5350687 0.6990741 0.5430224 0.6923868 0.55314535 0.6877572 0.5748373 0.69341564 0.5986985 0.7006173 0.6080983 0.7160494 0.6146059 0.7330247 0.6066522 0.73971194 0.5965293 0.74434155 0.5748373 0.7386831 0.55097616 0.7314815 0.54157627
0 0.33333334 0.395517 0.3271605 0.39840925 0.32304525 0.4099783 0.3251029 0.4186551 0.33333334 0.42443964 0.33950618 0.42154735 0.3436214 0.4099783 0.3415638 0.40130153
0 0.22839506 0.219812 0.20781893 0.23138106 0.19855967 0.26174983 0.20679012 0.29067245 0.22839506 0.30368763 0.2489712 0.29211858 0.25823045 0.26174983 0.25 0.23282719
0 0.07973251 0.03470716 0.05606996 0.0093998555 0.03600823 0.013015185 0.024176955 0.025307303 0.014917696 0.07592191 0.047325104 0.079537235 0.05144033 0.06796818 0.06944445 0.06362979
0 0.8652263 0.8488793 0.8595679 0.85972524 0.8590535 0.8741866 0.8744856 0.8994939 0.8940329 0.9052784 0.91049385 0.8893709 0.89969134 0.84598696 0.8791152 0.8416486
0 0.8605967 0.61171365 0.83384776 0.59002167 0.80144036 0.59580624 0.7937243 0.6080983 0.7813786 0.6124367 0.784465 0.6507592 0.8122428 0.64859 0.8261317 0.6724512 0.8333333 0.67317426 0.83899176 0.66377443 0.840535 0.62906724
0 0.48559672 0.8640636 0.48662552 0.88647866 0.49588478 0.9110629 0.52674896 0.9146782 0.529321 0.89081705 0.5205761 0.8640636
0 0.5005144 0.6608821 0.49537036 0.66305137 0.49228394 0.66738975 0.49074075 0.6746204 0.49228394 0.681851 0.49537036 0.6861895 0.5005144 0.68835866 0.50565845 0.6861895 0.50874484 0.681851 0.51028806 0.6746204 0.50874484 0.66738975 0.50565845 0.66305137
0 0.8626543 0.7346349 0.8420782 0.736081 0.8281893 0.7462039 0.82098764 0.78163415 0.85236627 0.79971075 0.8626543 0.79609543
