0 0.104375 0.06916667 0.104375 0.1625 0.11625 0.1625 0.134375 0.145 0.139375 0.12916666 0.13875 0.11 0.12625 0.0825
0 0.17875 0.0033333334 0.1525 0.013333334 0.14 0.038333334 0.14125 0.0675 0.1625 0.095 0.176875 0.096666664 0.19125 0.08833333 0.204375 0.060833335 0.2 0.0225
0 0.095 0.4275 0.08375 0.4325 0.078125 0.44166666 0.07625 0.4525 0.08 0.4675 0.086875 0.475 0.095 0.4775 0.10625 0.4725 0.111875 0.46333334 0.11375 0.4525 0.11 0.4375 0.103125 0.43
0 0.05125 0.68916667 0.03375 0.7033333 0.025 0.73833334 0.029375 0.755 0.04375 0.7733333 0.07 0.77666664 0.09125 0.75333333 0.0925 0.7125 0.073125 0.69
0 0.643125 0.78833336 0.6175 0.80083334 0.603125 0.84166664 0.6125 0.87583333 0.643125 0.895 0.66875 0.8825 0.683125 0.84166664 0.67375 0.8075
0 0.413125 0.2975 0.386875 0.31 0.374375 0.3325 0.37125 0.35333332 0.380625 0.38833332 0.3975 0.405 0.413125 0.40916666 0.439375 0.39666668 0.451875 0.37416667 0.455 0.35333332 0.445625 0.31833333 0.42875 0.30166668
0 0.059375 0.34333333 0.031875 0.35333332 0.02125 0.38 0.0275 0.41333333 0.050625 0.43 0.0725 0.42166665 0.08625 0.39083335 0.08625 0.37333333 0.079375 0.35666665
0 0.249375 0.6425 0.231875 0.6566667 0.223125 0.69166666 0.2275 0.7083333 0.241875 0.7266667 0.268125 0.73 0.289375 0.70666665 0.290625 0.66583335 0.27125 0.6433333
0 0.8175 0.50333333 0.799375 0.51166666 0.79125 0.52416664 0.7875 0.54333335 0.79375 0.5675 0.803125 0.5783333 0.8175 0.5833333 0.835625 0.575 0.84375 0.5625 0.8475 0.54333335 0.84125 0.51916665 0.831875 0.5083333
0 0.6675 0.47083333 0.65625 0.47583333 0.650625 0.48416665 0.648125 0.49666667 0.651875 0.51166666 0.658125 0.51916665 0.6675 0.5225 0.67875 0.5175 0.684375 0.50916666 0.686875 0.49666667 0.683125 0.48166665 0.676875 0.47416666
0 0.39625 0.82416666 0.368125 0.82916665 0.356875 0.855 0.356875 0.88416666 0.376875 0.91083336 0.4025 0.9066667 0.415625 0.89 0.418125 0.8591667 0.410625 0.84
0 0.9025 0.5525 0.871875 0.5675 0.861875 0.59833336 0.871875 0.63 0.896875 0.64666665 0.92 0.6383333 0.934375 0.61083335 0.925625 0.5733333
0 0.59625 0.3725 0.57 0.37666667 0.554375 0.40083334 0.553125 0.42083332 0.560625 0.43 0.558125 0.4425 0.571875 0.45666668 0.589375 0.45583335 0.609375 0.44 0.61625 0.42666668 0.61625 0.39583334
0 0.628125 0.050833333 0.610625 0.065 0.601875 0.1 0.60625 0.11666667 0.620625 0.135 0.646875 0.13833334 0.668125 0.115 0.669375 0.07416666 0.65 0.051666666
0 0.788125 0.81666666 0.768125 0.82416666 0.75375 0.85333335 0.760625 0.89 0.783125 0.9058333 0.805625 0.8975 0.8175 0.8691667 0.810625 0.83416665
0 0.073125 0.28583333 0.044375 0.30083334 0.030625 0.3425 0.041875 0.38083333 0.073125 0.39916667 0.101875 0.38416666 0.115625 0.3425 0.104375 0.30416667
0 0.0 0.108333334 0.0 0.215 0.01125 0.2175 0.0375 0.205 0.05 0.1825 0.053125 0.16166666 0.04375 0.12666667 0.026875 0.11
0 0.27625 0.7416667 0.254375 0.7558333 0.2475 0.785 0.2575 0.82 0.279375 0.8333333 0.303125 0.82 0.31125 0.80333334 0.3125 0.7825 0.303125 0.75416666
0 0.469375 0.72833335 0.4475 0.7425 0.440625 0.77166665 0.450625 0.8066667 0.4725 0.82 0.49625 0.8066667 0.504375 0.79 0.505625 0.76916665 0.49625 0.74083334
