0 0.92125 0.81 0.89625 0.8233333 0.885 0.85833335 0.895 0.89166665 0.92125 0.9066667 0.94625 0.8933333 0.9575 0.85833335 0.9475 0.825
0 0.525625 0.12 0.5025 0.1175 0.48375 0.13333334 0.478125 0.18416667 0.5 0.2025 0.531875 0.19583334 0.54375 0.18666667 0.546875 0.16916667 0.538125 0.13416667
0 0.14 0.17083333 0.1025 0.15583333 0.085 0.15916666 0.07 0.17333333 0.063125 0.21583334 0.085 0.25916666 0.115 0.25416666 0.144375 0.22333333 0.15 0.19666667
0 0.29 0.61583334 0.26375 0.6091667 0.2325 0.62666667 0.214375 0.67 0.221875 0.69916666 0.236875 0.7125 0.246875 0.68333334 0.271875 0.6616667 0.30125 0.675 0.3025 0.64166665
0 0.416875 0.89666665 0.409375 0.9 0.404375 0.91333336 0.406875 0.92333335 0.416875 0.93 0.424375 0.9266667 0.429375 0.91333336 0.426875 0.9033333
0 0.6975 0.37 0.675 0.38 0.664375 0.39666668 0.66 0.42 0.6675 0.45 0.68 0.46416667 0.6975 0.47 0.72 0.46 0.730625 0.44333333 0.735 0.42 0.7275 0.39 0.715 0.37583333
0 0.345 0.75083333 0.3075 0.73583335 0.29 0.7391667 0.275 0.75333333 0.268125 0.79583335 0.29 0.83916664 0.32 0.83416665 0.349375 0.80333334 0.355 0.77666664
0 0.21125 0.495 0.185625 0.5075 0.17125 0.54833335 0.180625 0.5825 0.21125 0.6016667 0.236875 0.58916664 0.25125 0.54833335 0.241875 0.51416665
0 0.551875 0.061666667 0.52375 0.094166666 0.523125 0.13916667 0.54125 0.16583334 0.57 0.1675 0.59375 0.14833333 0.6025 0.12083333 0.5975 0.09833334 0.580625 0.075
0 0.035 0.49166667 0.013125 0.5 0.0 0.5175 0.000625 0.57916665 0.013125 0.595 0.035 0.60333335 0.06125 0.5908333 0.07375 0.5683333 0.076875 0.5475 0.0675 0.5125 0.050625 0.49583334
0 0.141875 0.415 0.115625 0.40666667 0.099375 0.41333333 0.08875 0.43666667 0.1 0.46916667 0.115625 0.48083332 0.131875 0.4725 0.150625 0.44583333 0.151875 0.42833334
0 0.181875 0.5525 0.153125 0.5675 0.139375 0.6091667 0.150625 0.6475 0.181875 0.66583335 0.210625 0.6508333 0.224375 0.6091667 0.213125 0.5708333
0 0.440625 0.006666667 0.404375 0.020833334 0.385 0.054166667 0.38625 0.09166667 0.41375 0.12583333 0.446875 0.12083333 0.470625 0.083333336 0.470625 0.038333334
0 0.20875 0.3775 0.176875 0.39333335 0.16 0.4425 0.171875 0.485 0.20875 0.5075 0.240625 0.49166667 0.2575 0.4425 0.245625 0.4
0 0.166875 0.0 0.174375 0.025 0.19125 0.045 0.2025 0.048333332 0.220625 0.04083333 0.235625 0.006666667 0.235 0.0
0 0.024375 0.029166667 0.015625 0.033333335 0.011875 0.039166667 0.01 0.048333332 0.013125 0.06 0.0175 0.065 0.024375 0.0675 0.033125 0.06333333 0.036875 0.0575 0.03875 0.048333332 0.035625 0.036666665 0.03125 0.031666666
0 0.059375 0.69083333 0.030625 0.7058333 0.016875 0.7475 0.028125 0.78583336 0.059375 0.8041667 0.088125 0.7891667 0.101875 0.7475 0.090625 0.70916665
