0 0.155625 0.21 0.130625 0.2225 0.1175 0.26083332 0.126875 0.29416665 0.155625 0.31166667 0.180625 0.29916668 0.19375 0.26083332 0.184375 0.2275
0 0.8475 0.36166668 0.82625 0.36333334 0.806875 0.38666666 0.80375 0.42 0.8225 0.445 0.844375 0.44583333 0.865 0.42166665 0.86625 0.385 0.86 0.37
0 0.566875 0.13916667 0.54625 0.1425 0.533125 0.1575 0.528125 0.19916667 0.540625 0.22583333 0.5575 0.22666667 0.58875 0.2125 0.586875 0.1625
0 0.889375 0.56333333 0.870625 0.57166666 0.863125 0.5825 0.858125 0.605 0.864375 0.63 0.8725 0.64 0.889375 0.64666665 0.908125 0.6383333 0.915625 0.6275 0.920625 0.605 0.914375 0.58 0.90625 0.57
0 0.924375 0.7316667 0.90625 0.75 0.901875 0.7866667 0.914375 0.8208333 0.92375 0.82916665 0.94125 0.83 0.9575 0.81583333 0.964375 0.77916664 0.95125 0.74083334
0 0.1575 0.0 0.14 0.014166667 0.131875 0.030833334 0.1325 0.0475 0.14375 0.07833333 0.173125 0.08916666 0.1925 0.075 0.199375 0.036666665 0.183125 0.004166667
0 0.67625 0.86 0.665 0.865 0.659375 0.87333333 0.656875 0.8858333 0.660625 0.9008333 0.666875 0.90833336 0.67625 0.9116667 0.6875 0.9066667 0.693125 0.8983333 0.695625 0.8858333 0.691875 0.87083334 0.685625 0.86333334
0 0.458125 0.5625 0.443125 0.56916666 0.436875 0.5783333 0.433125 0.59583336 0.438125 0.61583334 0.445 0.62416667 0.458125 0.62916666 0.473125 0.6225 0.479375 0.61333334 0.483125 0.59583336 0.478125 0.5758333 0.47125 0.5675
0 0.76875 0.45916668 0.75375 0.46583334 0.746875 0.47583333 0.743125 0.49333334 0.748125 0.5133333 0.755625 0.5225 0.76875 0.5275 0.78375 0.5208333 0.790625 0.5108333 0.794375 0.49333334 0.789375 0.47333333 0.781875 0.46416667
0 0.22 0.66333336 0.20125 0.68083334 0.1975 0.7191667 0.2075 0.7525 0.219375 0.76416665 0.233125 0.7633333 0.2575 0.7391667 0.26375 0.72083336 0.263125 0.7008333 0.255 0.68083334 0.2425 0.66833335
0 0.87 0.2925 0.856875 0.29916668 0.85 0.31916666 0.855 0.33666667 0.87 0.34583333 0.883125 0.33916667 0.89 0.31916666 0.885 0.30166668
0 0.4 0.015 0.38875 0.041666668 0.39625 0.075833336 0.4175 0.090833336 0.43875 0.08833333 0.44875 0.07833333 0.456875 0.051666666 0.44875 0.0225 0.43125 0.008333334
0 0.096875 0.72583336 0.075625 0.7366667 0.065 0.7683333 0.073125 0.7966667 0.096875 0.81083333 0.118125 0.8 0.12875 0.7683333 0.120625 0.74
0 0.62375 0.7608333 0.59875 0.7733333 0.585625 0.81166667 0.595 0.845 0.62375 0.8625 0.64875 0.85 0.661875 0.81166667 0.6525 0.7783333
0 0.55375 0.6425 0.526875 0.6558333 0.5125 0.6975 0.5225 0.73333335 0.55375 0.7525 0.580625 0.7391667 0.595 0.6975 0.585 0.6616667
