0 0.9025 0.16916667 0.878125 0.1675 0.8575 0.19416666 0.86125 0.2325 0.881875 0.25333333 0.905625 0.2475 0.920625 0.22333333 0.91875 0.19
0 0.670625 0.36 0.655 0.34333333 0.62 0.34083334 0.614375 0.37083334 0.58875 0.3975 0.590625 0.40583333 0.618125 0.42416668 0.655625 0.41583332 0.671875 0.395
0 0.35125 0.4375 0.343125 0.40833333 0.323125 0.395 0.304375 0.39833334 0.29375 0.4075 0.281875 0.4375
0 0.89875 0.33666667 0.87625 0.3475 0.86625 0.365 0.863125 0.38416666 0.87125 0.41416666 0.884375 0.4275 0.89875 0.43166667 0.92125 0.42083332 0.93125 0.40333334 0.934375 0.38416666 0.92625 0.35416666 0.913125 0.34083334
0 0.861875 0.12166667 0.839375 0.13166666 0.82875 0.14833333 0.824375 0.17166667 0.831875 0.20166667 0.844375 0.21583334 0.861875 0.22166666 0.884375 0.21166667 0.895 0.195 0.899375 0.17166667 0.891875 0.14166667 0.879375 0.1275
0 0.32125 0.56083333 0.308125 0.56666666 0.3025 0.575 0.299375 0.59 0.30375 0.6075 0.31 0.615 0.32125 0.6191667 0.334375 0.61333334 0.34 0.605 0.343125 0.59 0.33875 0.5725 0.3325 0.565
0 0.18125 0.41166666 0.16875 0.43333334 0.168125 0.45166665 0.19625 0.4875 0.215625 0.48916668 0.231875 0.48 0.25375 0.45083332 0.2425 0.41916665 0.225625 0.405 0.20375 0.40333334
0 0.205625 0.015 0.21375 0.03 0.21125 0.0425 0.225 0.05666667 0.239375 0.0575 0.264375 0.0375 0.271875 0.0033333334 0.2075 0.00083333335
0 0.3575 0.745 0.339375 0.75416666 0.33 0.7816667 0.336875 0.80583334 0.3575 0.8183333 0.375625 0.80916667 0.385 0.7816667 0.378125 0.7575
0 0.53375 0.4975 0.51375 0.50666666 0.505625 0.5183333 0.500625 0.5416667 0.5075 0.5683333 0.51625 0.57916665 0.53375 0.5858333 0.55375 0.57666665 0.561875 0.565 0.566875 0.5416667 0.56 0.515 0.55125 0.50416666
