0 0.13125 0.83 0.111875 0.8233333 0.085625 0.835 0.075625 0.85333335 0.075 0.87833333 0.08125 0.89416665 0.095625 0.9058333 0.109375 0.90416664 0.10125 0.8908333 0.101875 0.87333333 0.123125 0.8358333 0.13625 0.83666664
0 0.14625 0.7583333 0.1375 0.74333334 0.1225 0.7416667 0.115625 0.7325 0.109375 0.7441667 0.09625 0.75 0.08875 0.78 0.0975 0.7875 0.1225 0.78833336 0.13875 0.78333336 0.145 0.775
0 0.554375 0.33916667 0.5275 0.35333332 0.515 0.39166668 0.525625 0.4275 0.554375 0.44416666 0.58125 0.43 0.59375 0.39166668 0.583125 0.35583332
0 0.85375 0.41416666 0.82375 0.42916667 0.808125 0.475 0.819375 0.515 0.85375 0.53583336 0.88375 0.5208333 0.899375 0.475 0.888125 0.435
0 0.2775 0.7291667 0.26125 0.74666667 0.263125 0.7891667 0.274375 0.7925 0.27625 0.8 0.2925 0.79833335 0.31 0.77666664 0.30625 0.7708333 0.31125 0.7608333 0.2975 0.7325
0 0.5275 0.11833333 0.511875 0.1225 0.49375 0.1475 0.494375 0.17583333 0.50375 0.19333333 0.51625 0.20166667 0.54 0.1975 0.554375 0.1725 0.55375 0.14416666 0.544375 0.12583333
0 0.24125 0.74333334 0.2325 0.755 0.228125 0.79083335 0.246875 0.8208333 0.265625 0.825 0.27875 0.8041667 0.275 0.77166665 0.256875 0.74333334
0 0.408125 0.29583332 0.37625 0.31166667 0.359375 0.36083335 0.37125 0.40333334 0.408125 0.42583334 0.44 0.41 0.456875 0.36083335 0.445 0.31833333
0 0.66625 0.13916667 0.65 0.1475 0.641875 0.17166667 0.648125 0.19333333 0.66625 0.20416667 0.6825 0.19583334 0.690625 0.17166667 0.684375 0.15
0 0.778125 0.075 0.745625 0.0925 0.73125 0.1375 0.744375 0.18083334 0.778125 0.2 0.810625 0.1825 0.825 0.1375 0.811875 0.094166666
0 0.508125 0.74 0.50375 0.745 0.4875 0.7416667 0.47375 0.7558333 0.47 0.785 0.481875 0.8233333 0.490625 0.8225 0.49625 0.83166665 0.515 0.82 0.53375 0.78333336 0.524375 0.75416666 0.514375 0.7525
0 0.911875 0.68416667 0.88625 0.70416665 0.8775 0.72333336 0.890625 0.7733333 0.92125 0.77 0.9475 0.75333333 0.94875 0.73583335 0.938125 0.7133333
