0 0.7525 0.04916667 0.741875 0.054166667 0.7375 0.060833335 0.735 0.0725 0.73875 0.086666666 0.74375 0.0925 0.7525 0.09583333 0.763125 0.090833336 0.7675 0.08416667 0.77 0.0725 0.76625 0.058333334 0.76125 0.0525
0 0.6025 0.119166665 0.57625 0.11083333 0.56 0.1175 0.549375 0.14083333 0.560625 0.17333333 0.57625 0.185 0.5925 0.17666666 0.61125 0.15 0.6125 0.1325
0 0.804375 0.45083332 0.78 0.46166667 0.769375 0.4775 0.76375 0.505 0.771875 0.5375 0.78375 0.5516667 0.804375 0.55916667 0.82875 0.54833335 0.839375 0.5325 0.845 0.505 0.836875 0.4725 0.825 0.45833334
0 0.169375 0.27166668 0.155 0.2775 0.13875 0.29583332 0.13875 0.325 0.151875 0.3525 0.175625 0.36 0.191875 0.35333332 0.20625 0.31083333 0.193125 0.28
0 0.59 0.86583334 0.571875 0.87416667 0.56375 0.88666666 0.56 0.9058333 0.56625 0.93 0.575625 0.94083333 0.59 0.9458333 0.608125 0.9375 0.61625 0.925 0.62 0.9058333 0.61375 0.88166666 0.604375 0.87083334
0 0.47 0.18583333 0.46625 0.2125 0.439375 0.22916667 0.45 0.25416666 0.489375 0.27166668 0.50625 0.25333333 0.513125 0.22416666 0.49375 0.19583334
0 0.544375 0.44833332 0.544375 0.45916668 0.55375 0.47083333 0.55625 0.48416665 0.580625 0.505 0.59375 0.50666666 0.606875 0.49916667 0.615 0.48166665 0.600625 0.445 0.576875 0.43083334 0.561875 0.43333334
0 0.32 0.18666667 0.329375 0.23333333 0.349375 0.24416667 0.37625 0.24166666 0.39375 0.21916667 0.4 0.22416666 0.409375 0.215 0.404375 0.20083334 0.369375 0.18416667 0.356875 0.14666666 0.335 0.15333334
0 0.059375 0.115 0.03625 0.13833334 0.03625 0.1725 0.054375 0.2 0.0775 0.20166667 0.096875 0.1825 0.10125 0.15416667 0.084375 0.12
0 0.695 0.49166667 0.66375 0.49416667 0.64375 0.52416664 0.64375 0.56583333 0.663125 0.59 0.690625 0.58166665 0.710625 0.54583335 0.709375 0.5108333
0 0.91 0.48 0.879375 0.505 0.879375 0.5783333 0.905625 0.57166666 0.92375 0.5425 0.92375 0.5125
0 0.0625 0.8933333 0.0475 0.9008333 0.039375 0.9241667 0.045 0.94416666 0.0625 0.955 0.0775 0.9475 0.085625 0.9241667 0.08 0.90416664
0 0.103125 0.25583333 0.070625 0.27333334 0.05625 0.31833333 0.069375 0.36166668 0.103125 0.38083333 0.135625 0.36333334 0.15 0.31833333 0.136875 0.275
0 0.81125 0.033333335 0.795 0.05666667 0.796875 0.093333334 0.818125 0.1225 0.839375 0.125 0.854375 0.1075 0.8625 0.07833333 0.838125 0.04
0 0.9075 0.043333333 0.888125 0.06 0.8825 0.09 0.8975 0.1225 0.918125 0.13166666 0.933125 0.125 0.94125 0.11333334 0.944375 0.08166666 0.93125 0.0525
0 0.606875 0.72833335 0.581875 0.74083334 0.56875 0.77916664 0.578125 0.8125 0.606875 0.83 0.631875 0.8175 0.645 0.77916664 0.635625 0.74583334
