0 0.27875 0.8541667 0.265625 0.86 0.259375 0.8691667 0.25625 0.88416666 0.260625 0.90166664 0.2675 0.91 0.27875 0.9141667 0.291875 0.90833336 0.298125 0.89916664 0.30125 0.88416666 0.296875 0.8666667 0.29 0.85833335
0 0.475 0.15083334 0.458125 0.15833333 0.45125 0.16833334 0.446875 0.18833333 0.4525 0.21083333 0.46 0.22 0.475 0.22583333 0.491875 0.21833333 0.49875 0.20833333 0.503125 0.18833333 0.4975 0.16583334 0.49 0.15666667
0 0.91375 0.12 0.896875 0.12833333 0.8875 0.155 0.89375 0.1775 0.91375 0.19 0.930625 0.18166667 0.94 0.155 0.93375 0.1325
0 0.5475 0.6775 0.534375 0.68333334 0.52875 0.69166666 0.525625 0.70666665 0.53 0.7241667 0.53625 0.7316667 0.5475 0.73583335 0.560625 0.73 0.56625 0.7216667 0.569375 0.70666665 0.565 0.68916667 0.55875 0.6816667
0 0.61125 0.81083333 0.595 0.8183333 0.5875 0.83 0.584375 0.8466667 0.59 0.86833334 0.59875 0.87833333 0.61125 0.8825 0.6275 0.875 0.635 0.86333334 0.638125 0.8466667 0.6325 0.825 0.62375 0.815
0 0.521875 0.35333332 0.4975 0.40083334 0.50125 0.42666668 0.52125 0.4525 0.555 0.45916668 0.54875 0.40333334 0.556875 0.37166667 0.5375 0.3475
0 0.0325 0.5883333 0.01125 0.5991667 0.000625 0.6308333 0.00875 0.6591667 0.0325 0.67333335 0.05375 0.6625 0.064375 0.6308333 0.05625 0.6025
0 0.379375 0.81916666 0.364375 0.82666665 0.35625 0.85 0.361875 0.87 0.379375 0.8808333 0.394375 0.87333333 0.4025 0.85 0.396875 0.83
0 0.079375 0.009166666 0.0925 0.0425 0.11875 0.051666666 0.1425 0.0325 0.15 0.0 0.08 0.0
0 0.565625 0.2875 0.550625 0.29416665 0.54375 0.30416667 0.54 0.32166666 0.545 0.34166667 0.5525 0.35083333 0.565625 0.35583332 0.580625 0.34916666 0.5875 0.33916667 0.59125 0.32166666 0.58625 0.30166668 0.57875 0.2925
0 0.75 0.66 0.735625 0.6675 0.72875 0.68833333 0.734375 0.7075 0.75 0.71666664 0.764375 0.70916665 0.77125 0.68833333 0.765625 0.6691667
0 0.466875 0.26916668 0.44875 0.2875 0.444375 0.32416666 0.456875 0.35833332 0.46625 0.36666667 0.48375 0.3675 0.5 0.35333332 0.506875 0.31666666 0.49375 0.27833334
0 0.325625 0.55333334 0.30125 0.5566667 0.281875 0.57916665 0.2775 0.6075 0.28875 0.63166666 0.31125 0.6408333 0.336875 0.62416667 0.345 0.6041667 0.345625 0.58666664 0.33875 0.565
0 0.27125 0.71416664 0.26375 0.73833334 0.280625 0.79 0.30375 0.805 0.330625 0.79 0.335625 0.7683333 0.324375 0.7316667 0.299375 0.7133333
0 0.675625 0.059166666 0.660625 0.06666667 0.6525 0.09 0.658125 0.11 0.675625 0.12083333 0.690625 0.11333334 0.69875 0.09 0.693125 0.07
0 0.55375 0.81583333 0.536875 0.8233333 0.529375 0.83416665 0.525 0.8541667 0.530625 0.87666667 0.53875 0.88666666 0.55375 0.8925 0.570625 0.885 0.578125 0.87416667 0.5825 0.8541667 0.576875 0.83166665 0.56875 0.82166666
0 0.818125 0.6766667 0.793125 0.69 0.781875 0.725 0.791875 0.7583333 0.818125 0.7733333 0.843125 0.76 0.854375 0.725 0.844375 0.69166666
