0 0.765 0.5341667 0.736875 0.5475 0.723125 0.5725 0.72 0.5941667 0.73 0.63166666 0.74875 0.65 0.765 0.65416664 0.793125 0.6408333 0.806875 0.61583334 0.81 0.5941667 0.8 0.5566667 0.78125 0.53833336
0 0.298125 0.26916668 0.281875 0.27166668 0.2675 0.29166666 0.265625 0.3525 0.2775 0.36916667 0.3 0.36583334 0.32 0.325 0.318125 0.29083332 0.31125 0.2775
0 0.191875 0.5233333 0.184375 0.52666664 0.179375 0.54 0.181875 0.55 0.191875 0.5566667 0.199375 0.55333334 0.204375 0.54 0.201875 0.53
0 0.666875 0.5858333 0.65375 0.59166664 0.648125 0.6 0.645 0.615 0.649375 0.6325 0.655625 0.64 0.666875 0.64416665 0.68 0.6383333 0.685625 0.63 0.68875 0.615 0.684375 0.5975 0.678125 0.59
0 0.805 0.08833333 0.7925 0.094166666 0.7875 0.10166667 0.784375 0.115833335 0.78875 0.1325 0.794375 0.13916667 0.805 0.14333333 0.8175 0.1375 0.8225 0.13 0.825625 0.115833335 0.82125 0.09916667 0.815625 0.0925
0 0.6075 0.7708333 0.6025 0.7875 0.611875 0.8125 0.64375 0.8308333 0.663125 0.8208333 0.6675 0.7925 0.65625 0.76666665 0.628125 0.755
0 0.84 0.03 0.81375 0.041666668 0.8025 0.058333334 0.79625 0.08833333 0.805 0.123333335 0.8175 0.13833334 0.84 0.14666666 0.86625 0.135 0.8775 0.11833333 0.88375 0.08833333 0.875 0.053333335 0.8625 0.038333334
0 0.085625 0.47083333 0.06875 0.4775 0.055 0.495 0.070625 0.54833335 0.08875 0.5525 0.101875 0.53833336 0.115625 0.53333336 0.1175 0.49666667 0.104375 0.47583333
0 0.94 0.3125 0.925 0.31916666 0.91875 0.32833335 0.915 0.34583333 0.92 0.36583334 0.926875 0.37416667 0.94 0.37916666 0.955 0.3725 0.96125 0.36333334 0.965 0.34583333 0.96 0.32583332 0.953125 0.3175
0 0.236875 0.305 0.233125 0.33 0.249375 0.355 0.2825 0.355 0.29375 0.3375 0.295625 0.3275 0.290625 0.31083333 0.275625 0.29833335 0.25125 0.29416665
0 0.303125 0.12 0.283125 0.13666667 0.279375 0.16833334 0.29 0.19166666 0.31125 0.1975 0.330625 0.18 0.335 0.14833333 0.3275 0.1275
0 0.081875 0.67333335 0.061875 0.69 0.058125 0.7216667 0.06875 0.745 0.09 0.75083333 0.109375 0.73333335 0.11375 0.70166665 0.10625 0.68083334
0 0.92625 0.86583334 0.900625 0.87416667 0.890625 0.89166665 0.89375 0.92 0.91375 0.93583333 0.9175 0.945 0.950625 0.92833334 0.944375 0.9125 0.9425 0.88166666
0 0.416875 0.16416667 0.384375 0.18166667 0.37 0.22666667 0.383125 0.27 0.416875 0.28916666 0.449375 0.27166668 0.46375 0.22666667 0.450625 0.18333334
0 0.78625 0.11333334 0.764375 0.11666667 0.7525 0.12916666 0.750625 0.15833333 0.754375 0.17083333 0.763125 0.18 0.79 0.1775 0.799375 0.16333333 0.8 0.13583334
0 0.8075 0.22583333 0.794375 0.23166667 0.788125 0.24083333 0.785 0.25583333 0.789375 0.27333334 0.79625 0.28166667 0.8075 0.28583333 0.820625 0.28 0.826875 0.27083334 0.83 0.25583333 0.825625 0.23833333 0.81875 0.23
0 0.705 0.5183333 0.675 0.5325 0.66125 0.55583334 0.656875 0.5825 0.6675 0.6225 0.685 0.6408333 0.705 0.64666665 0.735 0.6325 0.74875 0.6091667 0.753125 0.5825 0.7425 0.5425 0.725 0.52416664
