0 0.4675 0.42833334 0.460625 0.43083334 0.455625 0.4375 0.45375 0.44666666 0.455625 0.45583335 0.460625 0.4625 0.4675 0.465 0.474375 0.4625 0.479375 0.45583335 0.48125 0.44666666 0.479375 0.4375 0.474375 0.43083334
0 0.803125 0.73083335 0.771875 0.7625 0.77875 0.7891667 0.79625 0.80083334 0.80875 0.79833335 0.818125 0.7866667 0.815625 0.74916667
0 0.815625 0.73833334 0.805625 0.7425 0.800625 0.74916667 0.7975 0.7625 0.800625 0.7758333 0.805625 0.7825 0.815625 0.7866667 0.825625 0.7825 0.830625 0.7758333 0.83375 0.7625 0.830625 0.74916667 0.825625 0.7425
0 0.77125 0.061666667 0.74125 0.075833336 0.7275 0.09916667 0.723125 0.12583333 0.73375 0.16583334 0.75125 0.18416667 0.77125 0.19 0.80125 0.17583333 0.815 0.1525 0.819375 0.12583333 0.80875 0.08583333 0.79125 0.0675
0 0.81625 0.34083334 0.794375 0.35166666 0.7825 0.38583332 0.790625 0.415 0.81625 0.43083334 0.838125 0.42 0.85 0.38583332 0.841875 0.35666665
0 0.286875 0.04916667 0.27 0.05666667 0.263125 0.06666667 0.25875 0.086666666 0.264375 0.10916667 0.271875 0.11833333 0.286875 0.12416667 0.30375 0.11666667 0.310625 0.10666667 0.315 0.086666666 0.309375 0.064166665 0.301875 0.055
0 0.12625 0.295 0.121875 0.28166667 0.111875 0.27166668 0.10875 0.27583334 0.095625 0.27333334 0.08625 0.28166667 0.074375 0.31083333 0.125625 0.31083333
0 0.065 0.10166667 0.050625 0.11333334 0.03625 0.115 0.018125 0.135 0.0175 0.14416666 0.056875 0.19666667 0.073125 0.20083334 0.085625 0.19 0.09 0.1675 0.075 0.11333334
0 0.409375 0.071666665 0.3825 0.1 0.381875 0.13416667 0.395 0.16916667 0.414375 0.175 0.439375 0.1525 0.45375 0.10666667 0.444375 0.086666666 0.4175 0.08833333
0 0.60625 0.7625 0.58375 0.76916665 0.56125 0.8183333 0.570625 0.8466667 0.58875 0.86 0.60375 0.8475 0.620625 0.805 0.620625 0.7783333
0 0.610625 0.7033333 0.584375 0.735 0.58375 0.7525 0.605 0.77416664 0.625 0.7758333 0.64 0.7575 0.644375 0.735 0.633125 0.7125
0 0.3725 0.69416666 0.360625 0.7133333 0.363125 0.73833334 0.38125 0.7625 0.3925 0.76666665 0.405 0.7633333 0.41875 0.73583335 0.415 0.7075 0.3975 0.69083333
0 0.46125 0.5858333 0.454375 0.5883333 0.449375 0.595 0.4475 0.6041667 0.449375 0.61333334 0.454375 0.62 0.46125 0.6225 0.468125 0.62 0.473125 0.61333334 0.475 0.6041667 0.473125 0.595 0.468125 0.5883333
0 0.098125 0.0 0.1 0.0175 0.110625 0.0325 0.1275 0.039166667 0.14 0.035 0.14 0.0
0 0.315 0.026666667 0.31125 0.051666666 0.3275 0.07666667 0.360625 0.07666667 0.371875 0.059166666 0.37375 0.04916667 0.36875 0.0325 0.35375 0.02 0.329375 0.015833333
