0 0.136875 0.6041667 0.121875 0.625 0.120625 0.6533333 0.13625 0.6766667 0.149375 0.68 0.16125 0.67583334 0.175625 0.6508333 0.171875 0.62416667 0.16125 0.61
0 0.10625 0.079166666 0.079375 0.093333334 0.066875 0.13166666 0.0775 0.1675 0.10625 0.18416667 0.133125 0.17 0.145625 0.13166666 0.135 0.09583333
0 0.600625 0.4225 0.568125 0.44 0.55375 0.485 0.566875 0.5283333 0.600625 0.5475 0.633125 0.53 0.6475 0.485 0.634375 0.44166666
0 0.609375 0.63416666 0.59625 0.64 0.59 0.64916664 0.586875 0.6641667 0.59125 0.6816667 0.598125 0.69 0.609375 0.69416666 0.6225 0.68833333 0.62875 0.6791667 0.631875 0.6641667 0.6275 0.64666665 0.620625 0.6383333
0 0.52875 0.585 0.524375 0.60583335 0.540625 0.6425 0.56375 0.64 0.574375 0.63 0.576875 0.6066667 0.564375 0.585 0.55125 0.57666665 0.539375 0.5775
0 0.28 0.48833334 0.276875 0.5083333 0.28375 0.525 0.304375 0.54 0.33 0.54333335 0.338125 0.49166667
0 0.35125 0.3525 0.348125 0.3725 0.355 0.38916665 0.375625 0.40416667 0.40125 0.4075 0.409375 0.35583332
0 0.431875 0.31166667 0.418125 0.31083333 0.408125 0.3 0.399375 0.26666668 0.379375 0.28666666 0.356875 0.29666665 0.34625 0.32333332 0.358125 0.35583332 0.376875 0.35833332 0.419375 0.33666667
0 0.705625 0.6566667 0.69875 0.6591667 0.69375 0.66583335 0.691875 0.675 0.69375 0.68416667 0.69875 0.69083333 0.705625 0.6933333 0.7125 0.69083333 0.7175 0.68416667 0.719375 0.675 0.7175 0.66583335 0.7125 0.6591667
0 0.59875 0.6875 0.59 0.69166666 0.58625 0.6975 0.584375 0.70666665 0.5875 0.7183333 0.591875 0.72333336 0.59875 0.72583336 0.6075 0.7216667 0.61125 0.7158333 0.613125 0.70666665 0.61 0.695 0.605625 0.69
0 0.259375 0.56 0.239375 0.56916666 0.23125 0.5808333 0.22625 0.6041667 0.233125 0.6308333 0.241875 0.64166665 0.259375 0.6483333 0.279375 0.63916665 0.2875 0.6275 0.2925 0.6041667 0.285625 0.5775 0.276875 0.56666666
0 0.6075 0.6125 0.59625 0.61833334 0.590625 0.635 0.595 0.65 0.6075 0.6575 0.61875 0.65166664 0.624375 0.635 0.62 0.62
0 0.836875 0.0325 0.82375 0.038333334 0.8175 0.0475 0.814375 0.0625 0.81875 0.08 0.825625 0.08833333 0.836875 0.0925 0.85 0.086666666 0.85625 0.0775 0.859375 0.0625 0.855 0.045 0.848125 0.036666665
0 0.07 0.17416666 0.055 0.18083334 0.048125 0.19083333 0.044375 0.20833333 0.049375 0.22833334 0.056875 0.2375 0.07 0.2425 0.085 0.23583333 0.091875 0.22583333 0.095625 0.20833333 0.090625 0.18833333 0.083125 0.17916666
0 0.66875 0.6958333 0.650625 0.70416665 0.6425 0.71666664 0.63875 0.73583335 0.645 0.76 0.654375 0.7708333 0.66875 0.7758333 0.686875 0.7675 0.695 0.755 0.69875 0.73583335 0.6925 0.71166664 0.683125 0.7008333
0 0.14125 0.7325 0.13875 0.75666666 0.1625 0.78833336 0.181875 0.80333334 0.209375 0.8041667 0.213125 0.785 0.19875 0.76 0.1675 0.7341667
