0 0.645625 0.05 0.625625 0.090833336 0.624375 0.105 0.64375 0.1375 0.66125 0.1425 0.6775 0.115 0.685625 0.08083333 0.67875 0.0625 0.66 0.050833333
0 0.06125 0.31666666 0.053125 0.32 0.04875 0.32583332 0.04625 0.33666667 0.04875 0.3475 0.053125 0.35333332 0.06125 0.35666665 0.069375 0.35333332 0.07375 0.3475 0.07625 0.33666667 0.07375 0.32583332 0.069375 0.32
0 0.31375 0.6666667 0.27625 0.685 0.255625 0.7441667 0.269375 0.7941667 0.31375 0.82166666 0.35125 0.80333334 0.371875 0.7441667 0.358125 0.69416666
0 0.075 0.5975 0.035625 0.61833334 0.0175 0.6741667 0.033125 0.7266667 0.075 0.75083333 0.114375 0.73 0.1325 0.6741667 0.116875 0.62166667
0 0.46875 0.14583333 0.4475 0.18166667 0.460625 0.23416667 0.489375 0.255 0.516875 0.2475 0.530625 0.22666667 0.525 0.17583333 0.496875 0.14416666
0 0.409375 0.16416667 0.38375 0.17666666 0.369375 0.2175 0.37875 0.25166667 0.409375 0.27083334 0.435 0.25833333 0.449375 0.2175 0.44 0.18333334
0 0.14875 0.18833333 0.11875 0.2025 0.105 0.22583333 0.100625 0.2525 0.11125 0.2925 0.12875 0.31083333 0.14875 0.31666666 0.17875 0.3025 0.1925 0.27916667 0.196875 0.2525 0.18625 0.2125 0.16875 0.19416666
0 0.826875 0.7775 0.805625 0.81333333 0.81875 0.86583334 0.8475 0.88666666 0.875 0.87916666 0.88875 0.85833335 0.883125 0.8075 0.855 0.7758333
0 0.169375 0.45166665 0.14875 0.47166666 0.145 0.48666668 0.1475 0.5058333 0.168125 0.5316667 0.1925 0.5283333 0.205625 0.50916666 0.205625 0.47666666 0.20125 0.46333334 0.19125 0.45416668
0 0.4275 0.43416667 0.406875 0.455 0.405 0.49 0.416875 0.51416665 0.4425 0.5225 0.465625 0.50416666 0.473125 0.48 0.471875 0.46416667 0.46 0.44666666
0 0.036875 0.04916667 0.1375 0.04916667 0.136875 0.030833334 0.126875 0.0 0.073125 0.0 0.069375 0.01 0.04875 0.023333333
0 0.21375 0.76916665 0.19625 0.7875 0.195625 0.8075 0.205625 0.8425 0.22375 0.86333334 0.258125 0.8616667 0.2725 0.8325 0.263125 0.7891667 0.2375 0.7658333
0 0.50375 0.59 0.479375 0.605 0.476875 0.6666667 0.465 0.69916666 0.48875 0.7341667 0.504375 0.735 0.52125 0.7191667 0.528125 0.7 0.525 0.675 0.53875 0.6375 0.531875 0.6116667
0 0.0925 0.72333336 0.05625 0.7108333 0.0375 0.7225 0.04125 0.7325 0.008125 0.73583335 0.0 0.74583334 0.0 0.7866667 0.03625 0.8308333 0.085625 0.81166667 0.09875 0.7583333
