0 0.275 0.104166664 0.268125 0.10666667 0.263125 0.11333334 0.26125 0.1225 0.263125 0.13166666 0.268125 0.13833334 0.275 0.14083333 0.281875 0.13833334 0.286875 0.13166666 0.28875 0.1225 0.286875 0.11333334 0.281875 0.10666667
0 0.670625 0.685 0.633125 0.7033333 0.6125 0.7625 0.62625 0.8125 0.670625 0.84 0.708125 0.82166666 0.72875 0.7625 0.715 0.7125
0 0.173125 0.7441667 0.13375 0.76416665 0.11375 0.8233333 0.12875 0.87583333 0.173125 0.9025 0.2125 0.8825 0.2325 0.8233333 0.2175 0.7708333
0 0.405 0.4425 0.370625 0.45916668 0.35125 0.51416665 0.36375 0.56 0.405 0.5858333 0.439375 0.56916666 0.45875 0.51416665 0.44625 0.46833333
0 0.73125 0.36333334 0.71125 0.3725 0.703125 0.38416666 0.698125 0.4075 0.705 0.43416667 0.71375 0.445 0.73125 0.45166665 0.75125 0.4425 0.759375 0.43083334 0.764375 0.4075 0.7575 0.38083333 0.74875 0.37
0 0.31 0.29583332 0.250625 0.295 0.2325 0.31916666 0.2375 0.35 0.264375 0.3925 0.28625 0.39583334 0.31 0.35666665 0.318125 0.32833335
0 0.045625 0.0 0.05125 0.03 0.065 0.043333333 0.110625 0.054166667 0.123125 0.0475 0.131875 0.030833334 0.13 0.0
0 0.690625 0.06333333 0.676875 0.07333333 0.6575 0.115 0.685 0.125 0.7 0.15 0.729375 0.1225 0.73125 0.100833334 0.719375 0.07666667
0 0.000625 0.21916667 0.0 0.28833333 0.025 0.27583334 0.02875 0.26166666 0.025625 0.24 0.015625 0.22416666
0 0.619375 0.2075 0.590625 0.22166666 0.575 0.26666668 0.585625 0.305 0.619375 0.32583332 0.648125 0.31166667 0.66375 0.26666668 0.653125 0.22833334
0 0.375 0.5541667 0.36 0.575 0.35875 0.60333335 0.374375 0.62666667 0.3875 0.63 0.399375 0.62583333 0.41375 0.60083336 0.41 0.57416666 0.399375 0.56
0 0.759375 0.37833333 0.721875 0.36333334 0.665625 0.41666666 0.650625 0.47916666 0.67625 0.5175 0.693125 0.5125 0.716875 0.44083333 0.680625 0.405 0.719375 0.43916667 0.746875 0.42666668
0 0.0 0.1025 0.0 0.22083333 0.035 0.20833333 0.04875 0.18333334 0.051875 0.16166666 0.041875 0.12416667 0.023125 0.10583334
0 0.629375 0.5283333 0.616875 0.5233333 0.608125 0.50916666 0.59875 0.515 0.588125 0.5125 0.57375 0.5275 0.57 0.55083334 0.58375 0.565 0.58625 0.58166665 0.599375 0.5825 0.61125 0.565 0.624375 0.55833334
0 0.699375 0.5991667 0.674375 0.6125 0.663125 0.6475 0.673125 0.68083334 0.699375 0.6958333 0.724375 0.6825 0.735625 0.6475 0.725625 0.6141667
