0 0.345 0.38166666 0.335625 0.375 0.31625 0.40916666 0.290625 0.41083333 0.2925 0.43416667 0.30375 0.4575 0.3325 0.46333334 0.354375 0.445 0.36 0.41083333
0 0.639375 0.00083333335 0.620625 0.04 0.62875 0.08416667 0.656875 0.10666667 0.69 0.09583333 0.706875 0.058333334 0.69875 0.014166667 0.686875 0.0
0 0.894375 0.705 0.86375 0.72 0.846875 0.7683333 0.858125 0.80916667 0.894375 0.83166665 0.925 0.81666666 0.941875 0.7683333 0.930625 0.7275
0 0.688125 0.39916667 0.669375 0.40833333 0.65875 0.43833333 0.665625 0.46333334 0.688125 0.4775 0.706875 0.46833333 0.7175 0.43833333 0.710625 0.41333333
0 0.826875 0.060833335 0.8275 0.14166667 0.841875 0.1475 0.86625 0.1375 0.876875 0.115 0.876875 0.0925 0.87 0.075833336 0.85125 0.06
0 0.388125 0.6766667 0.375625 0.6825 0.370625 0.69 0.3675 0.70416665 0.371875 0.72083336 0.3775 0.7275 0.388125 0.7316667 0.400625 0.72583336 0.405625 0.7183333 0.40875 0.70416665 0.404375 0.6875 0.39875 0.68083334
0 0.91 0.0 0.898125 0.021666666 0.90125 0.046666667 0.9175 0.0625 0.93625 0.058333334 0.948125 0.036666665 0.945 0.011666667 0.93625 0.0
0 0.128125 0.46916667 0.095625 0.48666668 0.08125 0.5316667 0.094375 0.575 0.128125 0.5941667 0.160625 0.57666665 0.175 0.5316667 0.161875 0.48833334
0 0.105625 0.2075 0.094375 0.2025 0.07875 0.20666666 0.06375 0.22666667 0.061875 0.25083333 0.070625 0.27583334 0.079375 0.285 0.10625 0.28083333 0.121875 0.25083333 0.121875 0.22833334
0 0.43625 0.7225 0.395625 0.74333334 0.375625 0.80333334 0.39125 0.8575 0.43625 0.88416666 0.476875 0.86333334 0.496875 0.80333334 0.48125 0.74916667
0 0.43875 0.28416666 0.415 0.30083334 0.408125 0.33666667 0.418125 0.36083335 0.44875 0.37333333 0.473125 0.3475 0.478125 0.32 0.46625 0.28916666
0 0.1775 0.52916664 0.16375 0.55083334 0.166875 0.5833333 0.18125 0.6 0.195 0.60583335 0.219375 0.6016667 0.231875 0.5783333 0.225625 0.54583335 0.205 0.5275
0 0.380625 0.009166666 0.34 0.03 0.32 0.09 0.335625 0.14416666 0.380625 0.17083333 0.42125 0.15 0.44125 0.09 0.425625 0.035833333
0 0.505 0.00083333335 0.4975 0.034166668 0.50625 0.06666667 0.52625 0.07833333 0.548125 0.07 0.56 0.041666668 0.55875 0.018333333 0.551875 0.0
0 0.86125 0.5925 0.83125 0.6075 0.815625 0.6533333 0.826875 0.6933333 0.86125 0.71416664 0.89125 0.69916666 0.906875 0.6533333 0.895625 0.61333334
