0 0.943125 0.72333336 0.915625 0.7175 0.895625 0.7325 0.889375 0.76166666 0.8975 0.7816667 0.920625 0.7841667 0.93625 0.7758333 0.948125 0.7525
0 0.87 0.20833333 0.84 0.2225 0.82625 0.24583334 0.821875 0.2725 0.8325 0.3125 0.85 0.33083335 0.87 0.33666667 0.9 0.3225 0.91375 0.29916668 0.918125 0.2725 0.9075 0.2325 0.89 0.21416667
0 0.234375 0.19583334 0.223125 0.20166667 0.2175 0.21833333 0.221875 0.23333333 0.234375 0.24083333 0.245625 0.235 0.25125 0.21833333 0.246875 0.20333333
0 0.406875 0.005 0.390625 0.013333334 0.3825 0.0375 0.38875 0.059166666 0.406875 0.07 0.423125 0.061666667 0.43125 0.0375 0.425 0.015833333
0 0.8075 0.43583333 0.7775 0.45 0.76375 0.47333333 0.759375 0.5 0.77 0.54 0.7875 0.55833334 0.8075 0.56416667 0.8375 0.55 0.85125 0.52666664 0.855625 0.5 0.845 0.46 0.8275 0.44166666
0 0.07 0.18083334 0.053125 0.19 0.04375 0.21166667 0.045 0.2275 0.0525 0.24083333 0.073125 0.25 0.0925 0.23833333 0.098125 0.2275 0.1 0.20916666 0.089375 0.1875
0 0.0 0.26166666 0.0 0.345 0.025 0.33666667 0.0325 0.32333332 0.034375 0.30916667 0.031875 0.29416665 0.01875 0.27083334
0 0.908125 0.3125 0.8875 0.33083335 0.883125 0.36666667 0.896875 0.395 0.915625 0.40083334 0.93625 0.38333333 0.943125 0.35 0.929375 0.32
0 0.45375 0.26666668 0.43875 0.28583333 0.4375 0.31916666 0.45 0.33833334 0.475 0.34416667 0.4925 0.32583332 0.495 0.29416665 0.48125 0.27166668
0 0.673125 0.68916667 0.658125 0.69666666 0.65 0.72 0.655625 0.74 0.673125 0.75083333 0.688125 0.74333334 0.69625 0.72 0.690625 0.7
