0 0.223125 0.455 0.194375 0.46916667 0.17875 0.51416665 0.189375 0.5525 0.223125 0.5733333 0.251875 0.55916667 0.2675 0.51416665 0.256875 0.47583333
0 0.31375 0.1925 0.3175 0.21666667 0.33125 0.23666666 0.355625 0.2325 0.360625 0.24083333 0.3775 0.24166666 0.40375 0.22416666 0.401875 0.195 0.395 0.18 0.35625 0.16416667 0.334375 0.17166667
0 0.69375 0.14666666 0.67875 0.15333334 0.6725 0.1625 0.66875 0.18 0.67375 0.2 0.680625 0.20833333 0.69375 0.21333334 0.70875 0.20666666 0.715 0.1975 0.71875 0.18 0.71375 0.16 0.706875 0.15166667
0 0.395625 0.39666668 0.393125 0.4275 0.4025 0.4525 0.423125 0.45416668 0.435 0.4425 0.444375 0.42 0.445625 0.39666668
0 0.545625 0.5058333 0.543125 0.5366667 0.5525 0.56166667 0.573125 0.56333333 0.585 0.5516667 0.594375 0.52916664 0.595625 0.5058333
0 0.1175 0.1775 0.10375 0.19416666 0.09 0.19583334 0.09625 0.22416666 0.080625 0.26583335 0.095 0.305 0.134375 0.3 0.13 0.24166666 0.154375 0.2075 0.128125 0.20833333
0 0.45375 0.24416667 0.445625 0.25583333 0.445625 0.31666666 0.47375 0.38166666 0.48625 0.365 0.48375 0.3175 0.49625 0.29583332 0.498125 0.27416667 0.486875 0.25416666 0.489375 0.2475
0 0.86125 0.42416668 0.84125 0.43416667 0.830625 0.465 0.838125 0.49166667 0.86125 0.5058333 0.88125 0.49583334 0.891875 0.465 0.884375 0.43833333
0 0.1375 0.30666667 0.1275 0.32333332 0.12625 0.34 0.141875 0.38666666 0.155 0.39666668 0.18375 0.38666666 0.19625 0.36583334 0.1975 0.34916666 0.19125 0.33083335 0.1775 0.315 0.156875 0.305
0 0.588125 0.845 0.57 0.85333335 0.561875 0.86583334 0.558125 0.885 0.564375 0.9091667 0.57375 0.92 0.588125 0.925 0.60625 0.9166667 0.614375 0.90416664 0.618125 0.885 0.611875 0.86083335 0.6025 0.85
0 0.813125 0.8625 0.79125 0.87333333 0.779375 0.9075 0.7875 0.93666667 0.813125 0.9525 0.835 0.94166666 0.846875 0.9075 0.83875 0.87833333
0 0.23875 0.3475 0.230625 0.35083333 0.22625 0.35666665 0.22375 0.3675 0.22625 0.37833333 0.230625 0.38416666 0.23875 0.3875 0.246875 0.38416666 0.25125 0.37833333 0.25375 0.3675 0.25125 0.35666665 0.246875 0.35083333
0 0.3725 0.8541667 0.343125 0.8641667 0.336875 0.87916666 0.33625 0.89916664 0.3525 0.9225 0.373125 0.9225 0.380625 0.91583335 0.389375 0.8958333 0.385625 0.86833334
0 0.546875 0.086666666 0.52375 0.08916666 0.509375 0.11083333 0.509375 0.145 0.524375 0.16916667 0.54625 0.1675 0.5675 0.1325 0.56875 0.12416667 0.556875 0.0925
