0 0.249375 0.25916666 0.240625 0.27 0.236875 0.28583333 0.24125 0.31916666 0.254375 0.34166667 0.28 0.345 0.28875 0.33083335 0.281875 0.28583333 0.27 0.26333332 0.261875 0.2575
0 0.361875 0.6816667 0.33375 0.695 0.32 0.72 0.316875 0.7416667 0.326875 0.77916664 0.345625 0.7975 0.361875 0.8016667 0.39 0.78833336 0.40375 0.7633333 0.406875 0.7416667 0.396875 0.70416665 0.378125 0.68583333
0 0.683125 0.47416666 0.670625 0.495 0.67125 0.51166666 0.678125 0.52666664 0.693125 0.5375 0.71125 0.5366667 0.721875 0.52916664 0.73 0.51 0.726875 0.48833334 0.709375 0.47166666 0.69625 0.46916667
0 0.746875 0.27833334 0.72875 0.28666666 0.720625 0.29916668 0.716875 0.31833333 0.723125 0.3425 0.7325 0.35333332 0.746875 0.35833332 0.765 0.35 0.773125 0.3375 0.776875 0.31833333 0.770625 0.29416665 0.76125 0.28333333
0 0.895 0.15083334 0.878125 0.16 0.86875 0.18166667 0.87 0.1975 0.8775 0.21083333 0.898125 0.22 0.9175 0.20833333 0.923125 0.1975 0.925 0.17916666 0.914375 0.1575
0 0.17625 0.7525 0.153125 0.7558333 0.138125 0.7783333 0.13875 0.8175 0.15375 0.8358333 0.17625 0.8325 0.1925 0.8075 0.191875 0.7708333
0 0.29875 0.7025 0.265 0.7341667 0.285 0.7708333 0.308125 0.7783333 0.328125 0.7625 0.333125 0.7291667 0.320625 0.7083333
0 0.0625 0.60583335 0.050625 0.62416667 0.0525 0.6533333 0.066875 0.6816667 0.090625 0.68916667 0.10125 0.675 0.10125 0.64916664 0.084375 0.6141667 0.073125 0.605
0 0.02125 0.475 0.000625 0.485 0.000625 0.5516667 0.02125 0.56166667 0.041875 0.5516667 0.05125 0.535 0.05375 0.5183333 0.04625 0.49083334 0.03375 0.47833332
0 0.719375 0.87166667 0.703125 0.8925 0.703125 0.9216667 0.72125 0.945 0.745 0.9433333 0.75875 0.9225 0.758125 0.89166665 0.741875 0.8725
0 0.116875 0.45583335 0.10125 0.4575 0.09 0.46666667 0.074375 0.4975 0.081875 0.5183333 0.10125 0.53583336 0.125625 0.52916664 0.141875 0.50333333 0.1425 0.48416665 0.1375 0.47
0 0.6275 0.0 0.63 0.021666666 0.644375 0.035833333 0.660625 0.0325 0.67125 0.013333334 0.67125 0.0
