0 0.0625 0.07 0.04125 0.09 0.036875 0.12583333 0.041875 0.14 0.05625 0.15416667 0.079375 0.15583333 0.100625 0.13 0.100625 0.100833334 0.085 0.075
0 0.47125 0.35083333 0.44 0.35666665 0.42625 0.37083334 0.418125 0.40583333 0.43125 0.4375 0.465 0.4475 0.49125 0.4175 0.493125 0.38083333 0.485625 0.36333334
0 0.20125 0.73 0.184375 0.7375 0.1775 0.7475 0.173125 0.7675 0.17875 0.79 0.18625 0.7991667 0.20125 0.805 0.218125 0.7975 0.225 0.7875 0.229375 0.7675 0.22375 0.745 0.21625 0.73583335
0 0.9175 0.45583335 0.8925 0.46333334 0.876875 0.49083334 0.87875 0.5258333 0.89625 0.54833335 0.923125 0.5466667 0.934375 0.5341667 0.943125 0.51 0.93875 0.4725
0 0.530625 0.87333333 0.515625 0.88 0.50875 0.89 0.505 0.9075 0.51 0.9275 0.5175 0.93666667 0.530625 0.94166666 0.545625 0.935 0.5525 0.925 0.55625 0.9075 0.55125 0.8875 0.54375 0.87833333
0 0.304375 0.76416665 0.2825 0.7825 0.275625 0.81666666 0.285625 0.8441667 0.31 0.855 0.33625 0.83416665 0.341875 0.8016667 0.3325 0.7758333 0.321875 0.76666665
0 0.69625 0.009166666 0.695625 0.04083333 0.71625 0.071666665 0.734375 0.0775 0.766875 0.05 0.765625 0.0 0.7 0.00083333335
0 0.468125 0.82 0.448125 0.82916665 0.44 0.8408333 0.435 0.8641667 0.441875 0.8908333 0.450625 0.90166664 0.468125 0.90833336 0.488125 0.89916664 0.49625 0.8875 0.50125 0.8641667 0.494375 0.8375 0.485625 0.82666665
0 0.13375 0.5416667 0.12125 0.5491667 0.11 0.5675 0.1125 0.6041667 0.134375 0.62916666 0.16 0.62833333 0.17875 0.605 0.17875 0.57166666 0.163125 0.54833335
0 0.914375 0.015 0.891875 0.025833333 0.881875 0.043333333 0.87875 0.0625 0.886875 0.0925 0.9 0.10583334 0.914375 0.11 0.936875 0.09916667 0.946875 0.08166666 0.95 0.0625 0.941875 0.0325 0.92875 0.019166667
0 0.43625 0.70666665 0.409375 0.72 0.395 0.76166666 0.405 0.7975 0.43625 0.81666666 0.463125 0.80333334 0.4775 0.76166666 0.4675 0.72583336
0 0.253125 0.06333333 0.231875 0.0775 0.2225 0.108333334 0.230625 0.13333334 0.24625 0.145 0.259375 0.14583333 0.283125 0.125 0.288125 0.100833334 0.27625 0.07083333
0 0.183125 0.81166667 0.16625 0.81916666 0.159375 0.82916665 0.155 0.8491667 0.160625 0.87166667 0.168125 0.8808333 0.183125 0.88666666 0.2 0.87916666 0.206875 0.8691667 0.21125 0.8491667 0.205625 0.82666665 0.198125 0.8175
0 0.309375 0.31333333 0.303125 0.34916666 0.318125 0.38 0.344375 0.38666666 0.36375 0.37166667 0.370625 0.3425 0.363125 0.31666666 0.33625 0.32166666 0.31375 0.31
0 0.524375 0.15333334 0.503125 0.16416667 0.4925 0.19583334 0.500625 0.22416666 0.524375 0.23833333 0.545625 0.2275 0.55625 0.19583334 0.548125 0.1675
0 0.0525 0.61583334 0.030625 0.62666667 0.01875 0.66083336 0.026875 0.69 0.0525 0.7058333 0.074375 0.695 0.08625 0.66083336 0.078125 0.63166666
0 0.58625 0.73 0.569375 0.73833334 0.56 0.765 0.56625 0.7875 0.58625 0.8 0.603125 0.7916667 0.6125 0.765 0.60625 0.7425
0 0.295625 0.2075 0.276875 0.22583333 0.27 0.26833335 0.291875 0.2875 0.30125 0.31 0.319375 0.31083333 0.34 0.285 0.34 0.24916667 0.319375 0.21
