0 0.63 0.395 0.643125 0.40333334 0.64125 0.42416668 0.64875 0.43666667 0.635 0.47583333 0.645 0.48833334 0.664375 0.48833334 0.67875 0.46416667 0.6725 0.40833333 0.653125 0.3875
0 0.68625 0.36333334 0.66 0.36 0.6375 0.37833333 0.634375 0.415 0.648125 0.42666668 0.651875 0.43916667 0.6875 0.43333334 0.6925 0.4225 0.69625 0.385
0 0.544375 0.26583335 0.535 0.27 0.52875 0.28666666 0.531875 0.29916668 0.544375 0.3075 0.55375 0.30333334 0.56 0.28666666 0.556875 0.27416667
0 0.94625 0.43416667 0.93625 0.43833333 0.93125 0.445 0.928125 0.45833334 0.93125 0.47166666 0.93625 0.47833332 0.94625 0.4825 0.95625 0.47833332 0.96125 0.47166666 0.964375 0.45833334 0.96125 0.445 0.95625 0.43833333
0 0.338125 0.5525 0.29875 0.5733333 0.280625 0.62916666 0.29625 0.6816667 0.338125 0.7058333 0.3775 0.685 0.395625 0.62916666 0.38 0.57666665
0 0.268125 0.0 0.2675 0.015833333 0.28 0.0375 0.306875 0.04 0.315 0.046666667 0.330625 0.028333334 0.32625 0.00083333335
0 0.965 0.4975 0.95625 0.50166667 0.9525 0.5075 0.950625 0.51666665 0.95375 0.5283333 0.958125 0.53333336 0.965 0.53583336 0.97375 0.5316667 0.9775 0.5258333 0.979375 0.51666665 0.97625 0.505 0.971875 0.5
0 0.73125 0.22916667 0.735625 0.24916667 0.808125 0.24833333 0.805 0.22333333 0.79125 0.21583334 0.784375 0.20416667 0.758125 0.2025 0.736875 0.20916666
0 0.6825 0.17416666 0.6675 0.18166667 0.659375 0.205 0.665 0.225 0.6825 0.23583333 0.6975 0.22833334 0.705625 0.205 0.7 0.185
0 0.36125 0.4 0.355 0.4475 0.37375 0.47583333 0.385 0.4725 0.396875 0.48083332 0.41625 0.45583335 0.421875 0.435 0.416875 0.40666667 0.395625 0.39166668
0 0.169375 0.11333334 0.1625 0.12583333 0.165625 0.1475 0.160625 0.16916667 0.17 0.19833334 0.18125 0.2125 0.19375 0.21666667 0.2 0.19916667 0.219375 0.18 0.221875 0.14833333 0.206875 0.13666667 0.20375 0.119166665
0 0.356875 0.58916664 0.323125 0.60583335 0.305 0.65833336 0.3175 0.7033333 0.356875 0.7275 0.390625 0.7108333 0.40875 0.65833336 0.39625 0.61333334
0 0.11125 0.12166667 0.0925 0.13 0.085 0.14083333 0.08 0.16333333 0.08625 0.18833333 0.094375 0.19833334 0.11125 0.205 0.13 0.19666667 0.1375 0.18583333 0.1425 0.16333333 0.13625 0.13833334 0.128125 0.12833333
0 0.90375 0.61833334 0.886875 0.6433333 0.881875 0.66333336 0.905625 0.69166666 0.9275 0.69083333 0.9375 0.6791667 0.94 0.6508333 0.931875 0.63416666 0.910625 0.6275
0 0.6 0.69916666 0.5725 0.7175 0.56625 0.7475 0.5675 0.7625 0.58 0.7808333 0.605 0.7891667 0.62625 0.76416665 0.6275 0.7183333 0.614375 0.70166665
0 0.239375 0.15083334 0.225 0.15833333 0.218125 0.17916666 0.22375 0.19833334 0.239375 0.2075 0.25375 0.2 0.260625 0.17916666 0.255 0.16
