0 0.69 0.55833334 0.671875 0.5525 0.6525 0.5708333 0.645 0.60333335 0.645 0.63916665 0.651875 0.64 0.665 0.62166667 0.6925 0.61 0.698125 0.5825
0 0.65625 0.16333333 0.626875 0.1775 0.61375 0.20083334 0.61 0.225 0.620625 0.26416665 0.638125 0.28166667 0.65625 0.28666666 0.685625 0.2725 0.69875 0.24916667 0.7025 0.225 0.691875 0.18583333 0.674375 0.16833334
0 0.24125 0.5341667 0.21875 0.5441667 0.208125 0.56083333 0.20375 0.58416665 0.21125 0.6141667 0.22375 0.62833333 0.24125 0.63416666 0.26375 0.62416667 0.274375 0.6075 0.27875 0.58416665 0.27125 0.5541667 0.25875 0.54
0 0.614375 0.25166667 0.594375 0.26166666 0.58375 0.2925 0.59125 0.31916666 0.614375 0.33333334 0.634375 0.32333332 0.645 0.2925 0.6375 0.26583335
0 0.47 0.62166667 0.455625 0.62916666 0.44875 0.65 0.454375 0.6691667 0.47 0.67833334 0.484375 0.67083335 0.49125 0.65 0.485625 0.6308333
0 0.779375 0.23 0.76625 0.25416666 0.764375 0.2775 0.773125 0.3175 0.78875 0.32416666 0.799375 0.3175 0.80875 0.29583332 0.79125 0.26333332 0.7975 0.23416667
0 0.6775 0.38583332 0.66875 0.3975 0.66375 0.41583332 0.68125 0.43916667 0.70375 0.4525 0.71625 0.4275 0.714375 0.40083334 0.698125 0.38416666
0 0.031875 0.30666667 0.0125 0.29416665 0.0 0.29666665 0.0 0.3575 0.02 0.355 0.033125 0.3425 0.038125 0.32166666
0 0.77 0.77 0.75 0.78 0.739375 0.81083333 0.746875 0.8375 0.77 0.8516667 0.79 0.84166664 0.800625 0.81083333 0.793125 0.7841667
0 0.70625 0.245 0.684375 0.25166667 0.67375 0.27166668 0.674375 0.29833335 0.680625 0.3125 0.6875 0.3175 0.70125 0.31916666 0.71125 0.31416667 0.721875 0.29916668
0 0.18125 0.1975 0.1525 0.2125 0.13875 0.25416666 0.15 0.2925 0.18125 0.31083333 0.21 0.29583332 0.22375 0.25416666 0.2125 0.21583334
0 0.6125 0.69 0.595625 0.67583334 0.578125 0.6766667 0.558125 0.6983333 0.55625 0.7175 0.561875 0.72833335 0.575 0.7366667 0.598125 0.735 0.615 0.7158333 0.61625 0.70166665
0 0.721875 0.45583335 0.701875 0.46583334 0.69125 0.49666667 0.69875 0.5233333 0.721875 0.5375 0.741875 0.5275 0.7525 0.49666667 0.745 0.47
0 0.883125 0.47333333 0.875 0.47666666 0.870625 0.4825 0.868125 0.49333334 0.870625 0.50416666 0.875 0.51 0.883125 0.5133333 0.89125 0.51 0.895625 0.50416666 0.898125 0.49333334 0.895625 0.4825 0.89125 0.47666666
0 0.654375 0.31083333 0.64625 0.34666666 0.658125 0.39916667 0.67125 0.43166667 0.69375 0.43416667 0.70375 0.42166665 0.718125 0.36916667 0.7125 0.32833335 0.699375 0.31833333
0 0.7425 0.5725 0.735 0.5758333 0.731875 0.58 0.729375 0.59 0.731875 0.6 0.735 0.6041667 0.7425 0.6075 0.75 0.6041667 0.753125 0.6 0.755625 0.59 0.753125 0.58 0.75 0.5758333
0 0.165 0.475 0.15 0.48166665 0.143125 0.49166667 0.139375 0.50916666 0.144375 0.52916664 0.151875 0.53833336 0.165 0.54333335 0.18 0.5366667 0.186875 0.52666664 0.190625 0.50916666 0.185625 0.48916668 0.178125 0.48
