0 0.625625 0.55083334 0.61375 0.5783333 0.62125 0.6066667 0.66 0.6175 0.684375 0.595 0.685 0.56166667 0.6675 0.54 0.65125 0.5375
0 0.10625 0.21416667 0.09125 0.22166666 0.083125 0.245 0.08875 0.265 0.10625 0.27583334 0.12125 0.26833335 0.129375 0.245 0.12375 0.225
0 0.5525 0.37916666 0.55375 0.40416667 0.544375 0.4225 0.56 0.44333333 0.574375 0.455 0.6025 0.42916667 0.596875 0.395 0.590625 0.385 0.581875 0.385 0.574375 0.37416667
0 0.4875 0.0225 0.480625 0.0325 0.48625 0.065 0.5025 0.093333334 0.513125 0.1 0.529375 0.0975 0.545 0.0775 0.55 0.050833333 0.544375 0.031666666 0.53 0.015833333 0.5 0.015833333
0 0.845 0.4525 0.82875 0.45 0.820625 0.44166666 0.805625 0.45333335 0.79125 0.49166667 0.8125 0.5258333 0.8225 0.4875 0.856875 0.48583335
0 0.675 0.36083335 0.66125 0.375 0.65375 0.4175 0.66125 0.4475 0.671875 0.46 0.691875 0.45916668 0.70125 0.45083332 0.709375 0.42916667 0.704375 0.38666666 0.696875 0.38333333 0.6925 0.37
0 0.22625 0.74 0.215625 0.745 0.21125 0.75166667 0.20875 0.7633333 0.2125 0.7775 0.2175 0.78333336 0.22625 0.7866667 0.236875 0.7816667 0.24125 0.775 0.24375 0.7633333 0.24 0.74916667 0.235 0.74333334
0 0.915625 0.5325 0.895 0.5366667 0.88125 0.56083333 0.880625 0.59 0.889375 0.61 0.9025 0.6175 0.92875 0.6066667 0.9375 0.5783333 0.9375 0.56083333 0.929375 0.5425
0 0.906875 0.6475 0.885 0.655 0.858125 0.69416666 0.859375 0.7216667 0.883125 0.75083333 0.918125 0.73833334 0.93125 0.72083336 0.9325 0.68
0 0.87 0.37083334 0.8325 0.39 0.81375 0.44583333 0.828125 0.49583334 0.87 0.5208333 0.9075 0.50166667 0.92625 0.44583333 0.911875 0.39583334
0 0.05125 0.7558333 0.021875 0.77 0.00875 0.79333335 0.005 0.8175 0.015625 0.8566667 0.033125 0.87416667 0.05125 0.87916666 0.080625 0.865 0.09375 0.84166664 0.0975 0.8175 0.086875 0.7783333 0.069375 0.7608333
0 0.38 0.4325 0.354375 0.4525 0.345625 0.47166666 0.35875 0.52166665 0.389375 0.5183333 0.415625 0.50166667 0.416875 0.48416665 0.40625 0.46166667
0 0.278125 0.058333334 0.268125 0.071666665 0.2575 0.104166664 0.266875 0.13916667 0.29125 0.14833333 0.3 0.14333333 0.313125 0.12083333 0.315 0.09833334 0.306875 0.08416667 0.31 0.075833336 0.30375 0.075833336 0.2975 0.064166665
0 0.345625 0.46666667 0.325625 0.47666666 0.315 0.5075 0.3225 0.5341667 0.345625 0.54833335 0.365625 0.53833336 0.37625 0.5075 0.36875 0.48083332
0 0.04625 0.27583334 0.026875 0.32166666 0.05375 0.3525 0.065625 0.39416668 0.089375 0.39833334 0.11125 0.35416666 0.096875 0.31666666 0.1 0.29666665 0.078125 0.27
0 0.823125 0.26833335 0.790625 0.28583333 0.77625 0.33083335 0.789375 0.37416667 0.823125 0.39333335 0.855625 0.37583333 0.87 0.33083335 0.856875 0.2875
