0 0.56 0.60833335 0.525 0.625 0.51 0.65 0.504375 0.6825 0.516875 0.7291667 0.535625 0.74916667 0.56 0.75666666 0.595 0.74 0.61 0.715 0.615625 0.6825 0.603125 0.6358333 0.584375 0.61583334
0 0.18125 0.11833333 0.18125 0.12666667 0.175 0.13166666 0.173125 0.16166666 0.185625 0.18 0.200625 0.18666667 0.21375 0.185 0.225625 0.15916666 0.224375 0.1325 0.215625 0.11666667 0.201875 0.10916667
0 0.31 0.68333334 0.31125 0.69083333 0.304375 0.7 0.30875 0.7266667 0.32625 0.7291667 0.336875 0.7416667 0.3475 0.7425 0.36625 0.72833335 0.365625 0.70416665 0.3575 0.69 0.356875 0.6775 0.328125 0.6691667
0 0.37125 0.09 0.34 0.096666664 0.328125 0.123333335 0.340625 0.13916667 0.338125 0.1775 0.355625 0.19333333 0.3775 0.19 0.401875 0.15333334 0.40125 0.1225
0 0.304375 0.55083334 0.301875 0.5825 0.329375 0.6141667 0.356875 0.61 0.35875 0.5966667 0.366875 0.5908333 0.3525 0.5491667 0.32125 0.5391667
0 0.740625 0.6483333 0.7275 0.65416664 0.721875 0.6625 0.71875 0.6775 0.723125 0.695 0.729375 0.7025 0.740625 0.70666665 0.75375 0.7008333 0.759375 0.6925 0.7625 0.6775 0.758125 0.66 0.751875 0.6525
0 0.20375 0.48166665 0.19375 0.48583335 0.18875 0.4925 0.185625 0.5058333 0.18875 0.51916665 0.19375 0.5258333 0.20375 0.53 0.21375 0.5258333 0.21875 0.51916665 0.221875 0.5058333 0.21875 0.4925 0.21375 0.48583335
0 0.243125 0.08 0.2375 0.11083333 0.255 0.13416667 0.27 0.14083333 0.291875 0.1375 0.295 0.12 0.30375 0.115 0.291875 0.08166666 0.284375 0.08 0.2825 0.07083333 0.273125 0.0725 0.2625 0.065 0.255625 0.075833336
0 0.273125 0.55083334 0.238125 0.5675 0.223125 0.5925 0.2175 0.625 0.23 0.6716667 0.24875 0.69166666 0.273125 0.69916666 0.308125 0.6825 0.323125 0.6575 0.32875 0.625 0.31625 0.5783333 0.2975 0.55833334
0 0.135 0.71 0.10875 0.7316667 0.105625 0.75166667 0.100625 0.755 0.125625 0.79083335 0.1525 0.77916664 0.16125 0.75333333 0.15 0.7183333
0 0.33375 0.33083335 0.306875 0.345 0.294375 0.38333333 0.305 0.41916665 0.33375 0.43583333 0.360625 0.42166665 0.373125 0.38333333 0.3625 0.3475
0 0.01625 0.615 0.0 0.62083334 0.0 0.7008333 0.01625 0.70666665 0.036875 0.6975 0.045 0.68583333 0.050625 0.66083336 0.04375 0.6333333 0.035 0.6225
