0 0.821875 0.06583333 0.8075 0.07333333 0.800625 0.094166666 0.80625 0.11333334 0.821875 0.1225 0.83625 0.115 0.843125 0.094166666 0.8375 0.075
0 0.794375 0.335 0.781875 0.34 0.75625 0.33833334 0.746875 0.36166668 0.764375 0.38083333 0.775 0.40166667 0.780625 0.40166667 0.7975 0.38 0.8 0.36583334 0.791875 0.34416667
0 0.615625 0.79 0.5975 0.7991667 0.588125 0.82666665 0.595 0.85083336 0.615625 0.86333334 0.63375 0.8541667 0.643125 0.82666665 0.63625 0.8025
0 0.061875 0.094166666 0.043125 0.11083333 0.03 0.13666667 0.0325 0.16083333 0.045 0.1775 0.04625 0.195 0.07125 0.19666667 0.083125 0.18666667 0.095 0.14333333 0.07875 0.09916667
0 0.025 0.32666665 0.011875 0.3325 0.005625 0.34166667 0.0025 0.35666665 0.006875 0.37416667 0.01375 0.3825 0.025 0.38666666 0.038125 0.38083333 0.044375 0.37166667 0.0475 0.35666665 0.043125 0.33916667 0.03625 0.33083335
0 0.454375 0.1225 0.421875 0.13833334 0.40375 0.19 0.415625 0.23333333 0.454375 0.2575 0.486875 0.24166666 0.505 0.19 0.493125 0.14666666
0 0.614375 0.6383333 0.586875 0.65166664 0.575 0.6725 0.57125 0.6958333 0.58125 0.7325 0.596875 0.74833333 0.614375 0.75333333 0.641875 0.74 0.65375 0.7191667 0.6575 0.6958333 0.6475 0.6591667 0.631875 0.6433333
0 0.861875 0.5125 0.84375 0.5175 0.825625 0.54083335 0.833125 0.575 0.84125 0.5858333 0.859375 0.58666664 0.87875 0.5625 0.88 0.52916664
0 0.094375 0.45666668 0.079375 0.46416667 0.07125 0.4875 0.076875 0.5075 0.094375 0.5183333 0.109375 0.5108333 0.1175 0.4875 0.111875 0.4675
0 0.690625 0.02 0.6725 0.028333334 0.664375 0.04083333 0.660625 0.06 0.666875 0.08416667 0.67625 0.095 0.690625 0.1 0.70875 0.09166667 0.716875 0.079166666 0.720625 0.06 0.714375 0.035833333 0.705 0.025
0 0.45875 0.07666667 0.4425 0.085 0.434375 0.10916667 0.440625 0.13083333 0.45875 0.14166667 0.475 0.13333334 0.483125 0.10916667 0.476875 0.0875
0 0.874375 0.44166666 0.86375 0.44666666 0.859375 0.45333335 0.856875 0.465 0.860625 0.47916666 0.865625 0.485 0.874375 0.48833334 0.885 0.48333332 0.889375 0.47666666 0.891875 0.465 0.888125 0.45083332 0.883125 0.445
0 0.6225 0.14583333 0.59375 0.16 0.578125 0.205 0.58875 0.24333334 0.6225 0.26416665 0.65125 0.25 0.666875 0.205 0.65625 0.16666667
0 0.335625 0.5525 0.31125 0.56333333 0.300625 0.57916665 0.295 0.6066667 0.303125 0.63916665 0.315 0.6533333 0.335625 0.66083336 0.36 0.65 0.370625 0.63416666 0.37625 0.6066667 0.368125 0.57416666 0.35625 0.56
