0 0.33024693 0.6977585 0.29372427 0.7172813 0.27520576 0.7751265 0.28909466 0.82646424 0.33024693 0.8524946 0.36676955 0.8329718 0.38528806 0.7751265 0.37139916 0.72378886
0 0.6846708 0.5965293 0.6707819 0.60375994 0.66306585 0.62689805 0.66820985 0.64642084 0.6846708 0.6572668 0.69855964 0.65003616 0.7062757 0.62689805 0.7011317 0.60737526
0 0.54989713 0.17498192 0.5303498 0.18510485 0.51954734 0.2176428 0.52674896 0.2451193 0.54989713 0.26030368 0.5694444 0.25018078 0.5802469 0.2176428 0.57304525 0.19016631
0 0.61625516 0.55097616 0.59825104 0.56905276 0.593107 0.5965293 0.61728394 0.59363705 0.62602884 0.63702095 0.64866257 0.6124367 0.65380657 0.57628345 0.64506173 0.5582068
0 0.22685185 0.8546638 0.21450618 0.8604483 0.20884773 0.86912507 0.20576131 0.8843095 0.20987654 0.90166306 0.21604939 0.90961677 0.22685185 0.91395515 0.23919754 0.90817064 0.24485597 0.8994939 0.24794239 0.8843095 0.24382716 0.8669559 0.23765433 0.8590022
0 0.67952675 0.5444685 0.66615224 0.5661605 0.66615224 0.59002167 0.6723251 0.60737526 0.69290125 0.6297903 0.7150206 0.6254519 0.7294239 0.59580624 0.72530866 0.56543744 0.7062757 0.54374546
0 0.10185185 0.7982646 0.074074075 0.813449 0.06069959 0.8561099 0.07150206 0.89515543 0.10185185 0.91395515 0.12962963 0.8987708 0.14300412 0.8561099 0.13220164 0.81706434
0 0.37191358 0.6514823 0.35133746 0.66232824 0.34053499 0.6955893 0.34825101 0.7245119 0.37191358 0.7396963 0.3924897 0.7288503 0.40329218 0.6955893 0.39557612 0.6666667
0 0.2355967 0.2263196 0.20833333 0.24005784 0.19547325 0.2646421 0.19238684 0.28705713 0.20216049 0.3253796 0.21965021 0.34345627 0.2355967 0.34779465 0.2628601 0.3340564 0.27572018 0.30947217 0.2788066 0.28705713 0.26903293 0.24873464 0.25154322 0.230658
0 0.59825104 0.4924078 0.5833333 0.49963847 0.5766461 0.51048446 0.57355964 0.527115 0.5787037 0.5480839 0.58641976 0.55748373 0.59825104 0.5618221 0.6131687 0.5545915 0.61985594 0.54374546 0.6229424 0.527115 0.6177983 0.5061461 0.6100823 0.4967462
0 0.83899176 0.59942156 0.81635803 0.6109906 0.7988683 0.6334056 0.80195475 0.6666667 0.8240741 0.69052786 0.8436214 0.6912509 0.8595679 0.67751265 0.8600823 0.61532897
0 0.3919753 0.65798986 0.35236627 0.6362979 0.30967078 0.6536515 0.28652263 0.67534345 0.30144033 0.691974 0.34927982 0.6977585 0.37139916 0.68691254
0 0.82355964 0.4562545 0.7839506 0.4779465 0.7649177 0.538684 0.7803498 0.5943601 0.82355964 0.62111354 0.8631687 0.59942156 0.8822017 0.538684 0.86676955 0.48300797
0 0.7330247 0.04989154 0.71399176 0.048445407 0.69393003 0.06724512 0.6898148 0.10339841 0.69290125 0.121475056 0.7042181 0.13593636 0.72788066 0.13593636 0.74897116 0.114967465 0.7541152 0.09327549 0.7520576 0.073029645
0 0.7896091 0.0057845265 0.7669753 0.01735358 0.7572017 0.035430223 0.7541152 0.055676065 0.7623457 0.08749096 0.7752058 0.10122921 0.7896091 0.105567604 0.8122428 0.09399855 0.8220165 0.07592191 0.82510287 0.055676065 0.8168724 0.023861172 0.80401236 0.010122921
0 0.84876543 0.14605929 0.8307613 0.13015184 0.80452675 0.13882864 0.78343624 0.17136659 0.77417696 0.20968908 0.7978395 0.21113521 0.83693415 0.18872017 0.84876543 0.16992046
0 0.18621399 0.74909616 0.17592593 0.7266811 0.15277778 0.714389 0.106481485 0.72812724 0.09876543 0.75343454 0.10185185 0.769342 0.11574074 0.7852495 0.15843621 0.791034 0.17798354 0.77946496
