0 0.368125 0.47 0.348125 0.48166665 0.33625 0.51166666 0.33875 0.53583336 0.361875 0.55916667 0.368125 0.55916667
0 0.308125 0.875 0.261875 0.875 0.24625 0.9033333 0.24375 0.91833335 0.248125 0.93333334 0.26375 0.94416666 0.283125 0.93916667 0.308125 0.90833336
0 0.235625 0.43166667 0.21125 0.44333333 0.2 0.46333334 0.196875 0.48333332 0.205625 0.5158333 0.220625 0.5308333 0.235625 0.535 0.26 0.5233333 0.27125 0.50333333 0.274375 0.48333332 0.265625 0.45083332 0.250625 0.43583333
0 0.643125 0.025833333 0.628125 0.0325 0.614375 0.051666666 0.609375 0.085 0.62375 0.11833333 0.64875 0.1275 0.675 0.1025 0.68 0.068333335 0.66875 0.0375
0 0.29125 0.6775 0.275625 0.66083336 0.240625 0.65833336 0.235 0.68833333 0.209375 0.715 0.21125 0.72333336 0.23875 0.7416667 0.27625 0.73333335 0.2925 0.7125
0 0.263125 0.36 0.246875 0.36833334 0.23875 0.3925 0.245 0.41416666 0.263125 0.425 0.279375 0.41666666 0.2875 0.3925 0.28125 0.37083334
0 0.2375 0.055833332 0.21125 0.06 0.195625 0.08416667 0.194375 0.104166664 0.201875 0.11333334 0.199375 0.12583333 0.213125 0.14 0.230625 0.13916667 0.250625 0.123333335 0.2575 0.11 0.2575 0.079166666
0 0.35875 0.77666664 0.365 0.80333334 0.38625 0.8233333 0.41 0.8233333 0.431875 0.80833334 0.425625 0.77666664
0 0.486875 0.6933333 0.4725 0.7 0.466875 0.7083333 0.463125 0.725 0.468125 0.7441667 0.474375 0.75166667 0.486875 0.75666666 0.50125 0.75 0.506875 0.7416667 0.510625 0.725 0.505625 0.7058333 0.499375 0.6983333
0 0.540625 0.06333333 0.530625 0.0675 0.525625 0.07416666 0.5225 0.0875 0.525625 0.100833334 0.530625 0.1075 0.540625 0.111666664 0.550625 0.1075 0.555625 0.100833334 0.55875 0.0875 0.555625 0.07416666 0.550625 0.0675
0 0.5275 0.11666667 0.5075 0.12916666 0.496875 0.16416667 0.50625 0.19583334 0.519375 0.2075 0.533125 0.20916666 0.55375 0.19583334 0.56375 0.16166666 0.553125 0.12833333
0 0.69 0.24666667 0.6775 0.2525 0.6725 0.26 0.669375 0.27416667 0.67375 0.29083332 0.679375 0.2975 0.69 0.30166668 0.7025 0.29583332 0.7075 0.28833333 0.710625 0.27416667 0.70625 0.2575 0.700625 0.25083333
0 0.394375 0.20833333 0.374375 0.22083333 0.36375 0.25583333 0.373125 0.2875 0.38625 0.29916668 0.4 0.30083334 0.420625 0.2875 0.430625 0.25333333 0.42 0.22
0 0.525 0.82416666 0.511875 0.83 0.505625 0.83916664 0.5025 0.8541667 0.506875 0.87166667 0.51375 0.88 0.525 0.88416666 0.538125 0.87833333 0.544375 0.8691667 0.5475 0.8541667 0.543125 0.83666664 0.53625 0.8283333
0 0.411875 0.5725 0.384375 0.57416666 0.365 0.59583336 0.36 0.62333333 0.369375 0.6508333 0.383125 0.66 0.4025 0.66083336 0.426875 0.6408333 0.433125 0.6041667 0.425625 0.5858333
0 0.709375 0.80333334 0.683125 0.81583333 0.670625 0.8383333 0.6675 0.8591667 0.676875 0.89416665 0.69375 0.91083336 0.709375 0.915 0.735625 0.9025 0.748125 0.88 0.75125 0.8591667 0.741875 0.82416666 0.725 0.8075
