0 0.54625 0.0725 0.511875 0.08 0.503125 0.12 0.509375 0.1425 0.5175 0.15083334 0.540625 0.14916667 0.5525 0.14166667 0.559375 0.12416667 0.5625 0.09833334
0 0.8725 0.048333332 0.875625 0.08166666 0.888125 0.09916667 0.906875 0.10666667 0.913125 0.096666664 0.923125 0.09583333 0.933125 0.079166666 0.930625 0.059166666 0.911875 0.0375 0.898125 0.034166668 0.88 0.04916667
0 0.919375 0.27583334 0.8975 0.29333332 0.893125 0.31666666 0.899375 0.32833335 0.8975 0.33666667 0.915625 0.35166666 0.940625 0.34083334 0.943125 0.32416666 0.939375 0.2875
0 0.18125 0.7608333 0.173125 0.74333334 0.151875 0.73833334 0.13 0.755 0.11875 0.7891667 0.123125 0.7941667 0.175625 0.7941667 0.181875 0.7891667
0 0.444375 0.009166666 0.419375 0.0225 0.408125 0.0575 0.418125 0.090833336 0.444375 0.10583334 0.469375 0.0925 0.480625 0.0575 0.470625 0.024166666
0 0.49125 0.82166666 0.476875 0.8466667 0.47375 0.885 0.49375 0.9116667 0.5125 0.9141667 0.526875 0.8975 0.5225 0.8641667 0.513125 0.8516667 0.5075 0.825
0 0.471875 0.24166666 0.446875 0.25416666 0.43375 0.2925 0.443125 0.32583332 0.471875 0.34333333 0.496875 0.33083335 0.51 0.2925 0.500625 0.25916666
0 0.17625 0.04 0.15125 0.0525 0.138125 0.090833336 0.1475 0.12416667 0.17625 0.14166667 0.20125 0.12916666 0.214375 0.090833336 0.205 0.0575
0 0.31 0.025 0.325625 0.048333332 0.33625 0.0525 0.34 0.06 0.355 0.050833333 0.368125 0.034166668 0.3625 0.0 0.318125 0.0 0.31875 0.011666667
0 0.053125 0.104166664 0.01625 0.119166665 0.000625 0.155 0.003125 0.18583333 0.03875 0.19333333 0.058125 0.18 0.06875 0.15666667 0.065 0.14833333 0.06875 0.13166666
0 0.2975 0.43583333 0.276875 0.44583333 0.2675 0.4625 0.265 0.47916666 0.2725 0.50666666 0.285 0.51916665 0.2975 0.5225 0.318125 0.5125 0.3275 0.49583334 0.33 0.47916666 0.3225 0.45166665 0.31 0.43916667
0 0.7625 0.16833334 0.743125 0.19 0.74125 0.22583333 0.755625 0.25833333 0.7775 0.26083332 0.793125 0.25166667 0.801875 0.23583333 0.80375 0.20083334 0.79125 0.1725
