0 0.1775 0.71416664 0.165 0.73583335 0.168125 0.7658333 0.18 0.7875 0.193125 0.79583335 0.20375 0.79333335 0.216875 0.77416664 0.2175 0.74333334 0.201875 0.71666664
0 0.665625 0.72083336 0.645625 0.73083335 0.635 0.76166666 0.6425 0.78833336 0.665625 0.8025 0.685625 0.7925 0.69625 0.76166666 0.68875 0.735
0 0.81125 0.73333335 0.78125 0.74833333 0.765625 0.7941667 0.776875 0.83416665 0.81125 0.855 0.84125 0.84 0.856875 0.7941667 0.845625 0.75416666
0 0.52 0.055833332 0.491875 0.06916667 0.478125 0.094166666 0.475 0.115833335 0.485 0.15333334 0.50375 0.17166667 0.52 0.17583333 0.548125 0.1625 0.561875 0.1375 0.565 0.115833335 0.555 0.07833333 0.53625 0.06
0 0.635 0.009166666 0.618125 0.016666668 0.61125 0.026666667 0.606875 0.046666667 0.6125 0.06916667 0.62 0.07833333 0.635 0.08416667 0.651875 0.07666667 0.65875 0.06666667 0.663125 0.046666667 0.6575 0.024166666 0.65 0.015
0 0.929375 0.81333333 0.885 0.81333333 0.863125 0.87333333 0.863125 0.8925 0.8825 0.9125 0.905625 0.9008333 0.9325 0.86
0 0.055625 0.44833332 0.025625 0.4625 0.011875 0.48583335 0.0075 0.5125 0.018125 0.5525 0.035625 0.5708333 0.055625 0.57666665 0.085625 0.5625 0.099375 0.5391667 0.10375 0.5125 0.093125 0.4725 0.075625 0.45416668
0 0.826875 0.72333336 0.8175 0.715 0.805 0.71416664 0.781875 0.72833335 0.769375 0.74916667 0.77125 0.775 0.793125 0.7808333 0.806875 0.7733333 0.82875 0.74666667
0 0.3675 0.38583332 0.36 0.38916665 0.356875 0.39333335 0.354375 0.40333334 0.356875 0.41333333 0.36 0.4175 0.3675 0.42083332 0.375 0.4175 0.378125 0.41333333 0.380625 0.40333334 0.378125 0.39333335 0.375 0.38916665
0 0.4025 0.7925 0.393125 0.795 0.379375 0.8125 0.375 0.835 0.3775 0.8541667 0.3975 0.8666667 0.415 0.86083335 0.4225 0.8475 0.416875 0.8066667
0 0.743125 0.009166666 0.75 0.035833333 0.7675 0.0475 0.78 0.045 0.789375 0.033333335 0.7875 0.0 0.75125 0.0
0 0.339375 0.63166666 0.33125 0.635 0.326875 0.6408333 0.324375 0.65166664 0.326875 0.6625 0.33125 0.66833335 0.339375 0.6716667 0.3475 0.66833335 0.351875 0.6625 0.354375 0.65166664 0.351875 0.6408333 0.3475 0.635
0 0.910625 0.6741667 0.90125 0.7058333 0.905 0.7125 0.9175 0.7083333 0.931875 0.7108333 0.94 0.72083336 0.943125 0.7341667 0.95 0.7216667 0.951875 0.7075 0.940625 0.6741667
0 0.71125 0.53 0.70875 0.53833336 0.72 0.5491667 0.725625 0.575 0.731875 0.58166665 0.791875 0.58166665 0.788125 0.565 0.75375 0.5175 0.731875 0.5083333
0 0.440625 0.44083333 0.420625 0.455 0.41375 0.49083334 0.421875 0.51 0.44375 0.51916665 0.4725 0.4875 0.4625 0.4525
0 0.035625 0.7633333 0.02375 0.75666666 0.0 0.76 0.000625 0.83666664 0.023125 0.83166665 0.041875 0.8 0.044375 0.78
0 0.32625 0.16083333 0.311875 0.15833333 0.303125 0.1625 0.285625 0.185 0.281875 0.20916666 0.293125 0.23 0.31125 0.23333333 0.33625 0.18333334
0 0.729375 0.805 0.720625 0.80916667 0.716875 0.815 0.715 0.82416666 0.718125 0.8358333 0.7225 0.8408333 0.729375 0.8433333 0.738125 0.83916664 0.741875 0.8333333 0.74375 0.82416666 0.740625 0.8125 0.73625 0.8075
