0 0.54625 0.6375 0.549375 0.6558333 0.56375 0.6691667 0.64 0.6483333 0.615625 0.6066667 0.588125 0.59 0.558125 0.5908333 0.558125 0.60833335
0 0.06125 0.07 0.0275 0.08166666 0.0 0.11833333 0.0 0.20833333 0.0275 0.245 0.06125 0.25666666 0.1075 0.23333333 0.13125 0.16333333 0.11375 0.10166667
0 0.34625 0.5441667 0.42125 0.5441667 0.410625 0.5058333 0.389375 0.48416665 0.358125 0.49666667 0.34875 0.5133333
0 0.796875 0.4225 0.763125 0.415 0.733125 0.42166665 0.72 0.44083333 0.708125 0.485 0.754375 0.49166667 0.77375 0.4825 0.795625 0.4525
0 0.235 0.51166666 0.22 0.5183333 0.21375 0.5275 0.21 0.545 0.215 0.565 0.221875 0.5733333 0.235 0.5783333 0.25 0.57166666 0.25625 0.5625 0.26 0.545 0.255 0.525 0.248125 0.51666665
0 0.125625 0.10166667 0.10125 0.125 0.096875 0.16333333 0.11375 0.19333333 0.130625 0.20166667 0.15 0.2 0.17375 0.17416666 0.1775 0.14 0.173125 0.125 0.155625 0.105
0 0.56125 0.0025 0.578125 0.064166665 0.6025 0.08916666 0.633125 0.09833334 0.679375 0.075833336 0.698125 0.043333333 0.705 0.0025
0 0.54625 0.14916667 0.524375 0.13083333 0.4925 0.14083333 0.466875 0.17833333 0.455625 0.2225 0.484375 0.22416666 0.531875 0.19833334 0.54625 0.17666666
0 0.0625 0.72833335 0.026875 0.74583334 0.0075 0.8016667 0.020625 0.8491667 0.0625 0.875 0.098125 0.8575 0.1175 0.8016667 0.104375 0.75416666
0 0.410625 0.7 0.37125 0.7191667 0.349375 0.7816667 0.36375 0.83416665 0.410625 0.86333334 0.45 0.8441667 0.471875 0.7816667 0.4575 0.7291667
0 0.140625 0.023333333 0.11 0.038333334 0.093125 0.086666666 0.104375 0.1275 0.140625 0.15 0.17125 0.135 0.188125 0.086666666 0.176875 0.045833334
0 0.805 0.30833334 0.785625 0.31416667 0.76625 0.35 0.768125 0.38166666 0.785625 0.405 0.81625 0.3975 0.831875 0.36666667 0.828125 0.335
0 0.418125 0.43166667 0.39875 0.445 0.384375 0.46833333 0.384375 0.5075 0.41 0.54333335 0.44375 0.545 0.45375 0.5366667 0.46375 0.50916666 0.46375 0.46083334 0.443125 0.43666667
0 0.225 0.16166666 0.2075 0.17583333 0.189375 0.21916667 0.21375 0.25 0.23625 0.25416666 0.25625 0.23916666 0.269375 0.20416667 0.266875 0.18416667 0.248125 0.165
0 0.513125 0.115833335 0.49125 0.13666667 0.485 0.16833334 0.514375 0.165 0.525 0.215 0.5525 0.18666667 0.55875 0.145 0.548125 0.12416667
0 0.294375 0.15 0.2675 0.16333333 0.253125 0.205 0.263125 0.24083333 0.294375 0.26 0.32125 0.24666667 0.335625 0.205 0.325625 0.16916667
