0 0.28375 0.785 0.278125 0.7925 0.27625 0.81583333 0.266875 0.82916665 0.27125 0.8591667 0.29 0.88416666 0.31875 0.8808333 0.33 0.85333335 0.324375 0.81583333 0.30625 0.7891667
0 0.773125 0.6766667 0.758125 0.68333334 0.75125 0.6933333 0.7475 0.7108333 0.7525 0.73083335 0.76 0.74 0.773125 0.745 0.788125 0.73833334 0.795 0.72833335 0.79875 0.7108333 0.79375 0.69083333 0.78625 0.6816667
0 0.83375 0.5391667 0.81125 0.5491667 0.800625 0.56583333 0.79625 0.58916664 0.80375 0.6191667 0.81625 0.6333333 0.83375 0.63916665 0.85625 0.62916666 0.866875 0.6125 0.87125 0.58916664 0.86375 0.55916667 0.85125 0.545
0 0.3375 0.093333334 0.316875 0.096666664 0.30375 0.111666664 0.29875 0.15333334 0.31125 0.18 0.328125 0.18083334 0.359375 0.16666667 0.3575 0.11666667
0 0.600625 0.0016666667 0.594375 0.038333334 0.609375 0.07 0.636875 0.07833333 0.660625 0.058333334 0.6675 0.03 0.659375 0.0
0 0.04125 0.1275 0.02375 0.1275 0.00125 0.14666666 0.0 0.20083334 0.026875 0.215 0.0525 0.19833334 0.060625 0.17833333 0.06125 0.16083333 0.054375 0.13916667
0 0.931875 0.6525 0.91875 0.65833336 0.9125 0.6675 0.909375 0.6825 0.91375 0.7 0.920625 0.7083333 0.931875 0.7125 0.945 0.70666665 0.95125 0.6975 0.954375 0.6825 0.95 0.665 0.943125 0.6566667
0 0.2025 0.01 0.185625 0.018333333 0.17625 0.045 0.1825 0.0675 0.2025 0.08 0.219375 0.071666665 0.22875 0.045 0.2225 0.0225
0 0.113125 0.34833333 0.110625 0.38083333 0.12625 0.4125 0.151875 0.41666666 0.175625 0.3925 0.17625 0.35833332 0.16625 0.34333333 0.133125 0.335
0 0.76 0.46666667 0.74375 0.47416666 0.73625 0.48583335 0.733125 0.5025 0.73875 0.52416664 0.7475 0.5341667 0.76 0.53833336 0.77625 0.5308333 0.78375 0.51916665 0.786875 0.5025 0.78125 0.48083332 0.7725 0.47083333
0 0.05625 0.8333333 0.043125 0.83416665 0.0225 0.865 0.025625 0.90166664 0.046875 0.92083335 0.07125 0.9125 0.080625 0.89916664 0.08375 0.8833333 0.080625 0.8525 0.070625 0.83916664
0 0.761875 0.04083333 0.73375 0.018333333 0.7075 0.041666668 0.694375 0.083333336 0.713125 0.09583333 0.74375 0.09166667 0.76375 0.06583333
0 0.830625 0.7975 0.805625 0.81083333 0.794375 0.84583336 0.804375 0.87916666 0.830625 0.89416665 0.855625 0.8808333 0.866875 0.84583336 0.856875 0.8125
0 0.68375 0.14416666 0.666875 0.15166667 0.66 0.16166666 0.655625 0.18166667 0.66125 0.20416667 0.66875 0.21333334 0.68375 0.21916667 0.700625 0.21166667 0.7075 0.20166667 0.711875 0.18166667 0.70625 0.15916666 0.69875 0.15
0 0.774375 0.7675 0.760625 0.775 0.76125 0.86 0.7875 0.8675 0.799375 0.8616667 0.810625 0.845 0.815 0.81 0.810625 0.7891667 0.800625 0.775
0 0.405625 0.00083333335 0.403125 0.031666666 0.41625 0.055 0.441875 0.06 0.459375 0.0425 0.464375 0.02 0.460625 0.00083333335
