0 0.869375 0.23333333 0.83 0.25416666 0.811875 0.31 0.8275 0.3625 0.869375 0.38666666 0.90875 0.36583334 0.926875 0.31 0.91125 0.2575
0 0.53 0.40166667 0.520625 0.40583333 0.515625 0.41333333 0.51375 0.42333335 0.516875 0.43583333 0.5225 0.4425 0.53 0.445 0.539375 0.44083333 0.544375 0.43333334 0.54625 0.42333335 0.543125 0.41083333 0.5375 0.40416667
0 0.713125 0.52 0.68125 0.53583336 0.664375 0.585 0.67625 0.6275 0.713125 0.65 0.745 0.63416666 0.761875 0.585 0.75 0.5425
0 0.463125 0.2475 0.46 0.27666667 0.47125 0.30333334 0.495625 0.31 0.501875 0.30333334 0.51 0.305 0.523125 0.26916668 0.506875 0.2425 0.49625 0.23583333
0 0.160625 0.44666666 0.14625 0.45333335 0.140625 0.46166667 0.136875 0.47833332 0.141875 0.4975 0.148125 0.505 0.160625 0.51 0.175 0.50333333 0.180625 0.495 0.184375 0.47833332 0.179375 0.45916668 0.173125 0.45166665
0 0.684375 0.30416667 0.670625 0.3125 0.671875 0.33666667 0.660625 0.34333333 0.659375 0.36333334 0.665 0.385 0.69 0.40083334 0.709375 0.39 0.72 0.3625 0.716875 0.33166668 0.7 0.30666667
0 0.126875 0.08583333 0.0875 0.10666667 0.069375 0.1625 0.085 0.215 0.126875 0.23916666 0.16625 0.21833333 0.184375 0.1625 0.16875 0.11
0 0.07125 0.20416667 0.065625 0.22 0.070625 0.2475 0.1025 0.25333333 0.1275 0.30333334 0.1475 0.31583333 0.175 0.305 0.178125 0.27333334 0.160625 0.23416667 0.140625 0.21833333 0.11125 0.22 0.08625 0.19333333
0 0.730625 0.87 0.7175 0.87583333 0.71125 0.885 0.708125 0.9 0.7125 0.9175 0.719375 0.92583334 0.730625 0.93 0.74375 0.9241667 0.75 0.915 0.753125 0.9 0.74875 0.8825 0.741875 0.87416667
0 0.165 0.5158333 0.1525 0.4975 0.125 0.5 0.118125 0.51166666 0.114375 0.50333333 0.096875 0.5283333 0.094375 0.5516667 0.10625 0.57 0.149375 0.5625 0.1625 0.5466667
0 0.158125 0.7325 0.145 0.75 0.14375 0.7775 0.158125 0.7975 0.17625 0.80083334 0.193125 0.78 0.19 0.77416664 0.191875 0.76166666 0.185625 0.75416666 0.184375 0.73833334 0.1775 0.74 0.17125 0.73
0 0.073125 0.48166665 0.041875 0.48833334 0.03 0.515 0.0425 0.5308333 0.04 0.56916666 0.0575 0.585 0.079375 0.58166665 0.10375 0.545 0.103125 0.51416665
