0 0.69875 0.31 0.6775 0.3125 0.659375 0.32916668 0.67 0.38666666 0.690625 0.40083334 0.70875 0.39666668 0.72125 0.3625 0.715625 0.32833335
0 0.74 0.7241667 0.72125 0.74083334 0.708125 0.76666665 0.710625 0.79083335 0.723125 0.8075 0.724375 0.825 0.749375 0.82666665 0.76125 0.81666666 0.773125 0.7733333 0.756875 0.7291667
0 0.31875 0.25083333 0.2825 0.26833335 0.26625 0.2975 0.261875 0.32666665 0.275 0.375 0.296875 0.39666668 0.31875 0.4025 0.355 0.385 0.37125 0.35583332 0.375625 0.32666665 0.3625 0.27833334 0.340625 0.25666666
0 0.79875 0.4275 0.78625 0.43333334 0.78125 0.44083333 0.778125 0.455 0.7825 0.47166666 0.788125 0.47833332 0.79875 0.4825 0.81125 0.47666666 0.81625 0.46916667 0.819375 0.455 0.815 0.43833333 0.809375 0.43166667
0 0.098125 0.7866667 0.064375 0.80333334 0.04625 0.85583335 0.05875 0.9008333 0.098125 0.925 0.131875 0.90833336 0.15 0.85583335 0.1375 0.81083333
0 0.255 0.12666667 0.24 0.13333334 0.233125 0.14333333 0.229375 0.16083333 0.234375 0.18083334 0.241875 0.19 0.255 0.195 0.27 0.18833333 0.276875 0.17833333 0.280625 0.16083333 0.275625 0.14083333 0.268125 0.13166666
0 0.73875 0.63166666 0.71625 0.6425 0.70625 0.66 0.703125 0.6791667 0.71125 0.70916665 0.724375 0.7225 0.73875 0.7266667 0.76125 0.7158333 0.77125 0.6983333 0.774375 0.6791667 0.76625 0.64916664 0.753125 0.6358333
0 0.83375 0.039166667 0.82625 0.0425 0.82125 0.055833332 0.82375 0.06583333 0.83375 0.0725 0.84125 0.06916667 0.84625 0.055833332 0.84375 0.045833334
0 0.72375 0.058333334 0.69625 0.071666665 0.684375 0.0925 0.680625 0.115833335 0.690625 0.1525 0.70625 0.16833334 0.72375 0.17333333 0.75125 0.16 0.763125 0.13916667 0.766875 0.115833335 0.756875 0.079166666 0.74125 0.06333333
0 0.505625 0.285 0.490625 0.2925 0.4825 0.31583333 0.488125 0.33583334 0.505625 0.34666666 0.520625 0.33916667 0.52875 0.31583333 0.523125 0.29583332
0 0.280625 0.4575 0.2675 0.46333334 0.26125 0.4725 0.258125 0.4875 0.2625 0.505 0.269375 0.5133333 0.280625 0.5175 0.29375 0.51166666 0.3 0.5025 0.303125 0.4875 0.29875 0.47 0.291875 0.46166667
0 0.761875 0.2275 0.741875 0.23666666 0.73375 0.24833333 0.72875 0.27166668 0.735625 0.29833335 0.744375 0.30916667 0.761875 0.31583333 0.781875 0.30666667 0.79 0.295 0.795 0.27166668 0.788125 0.245 0.779375 0.23416667
0 0.425 0.0 0.410625 0.028333334 0.415 0.06 0.436875 0.08 0.460625 0.07416666 0.475625 0.045 0.47125 0.013333334 0.46125 0.0
0 0.32125 0.119166665 0.295 0.13083333 0.28375 0.1475 0.2775 0.1775 0.28625 0.2125 0.29875 0.2275 0.32125 0.23583333 0.3475 0.22416666 0.35875 0.2075 0.365 0.1775 0.35625 0.1425 0.34375 0.1275
0 0.590625 0.57416666 0.585625 0.6025 0.5925 0.61833334 0.606875 0.6325 0.6375 0.6325 0.650625 0.61583334 0.653125 0.5908333 0.63875 0.56583333 0.609375 0.56
0 0.943125 0.1075 0.93625 0.11 0.93125 0.11666667 0.929375 0.12583333 0.93125 0.135 0.93625 0.14166667 0.943125 0.14416666 0.95 0.14166667 0.955 0.135 0.956875 0.12583333 0.955 0.11666667 0.95 0.11
