0 0.055625 0.4825 0.01 0.48416665 0.0 0.51916665 0.00125 0.5758333 0.01375 0.58166665 0.031875 0.57 0.05625 0.53583336 0.060625 0.5075
0 0.3225 0.5858333 0.313125 0.59 0.308125 0.5975 0.30625 0.6075 0.309375 0.62 0.315 0.62666667 0.3225 0.62916666 0.331875 0.625 0.336875 0.6175 0.33875 0.6075 0.335625 0.595 0.33 0.5883333
0 0.0725 0.093333334 0.04375 0.1075 0.028125 0.1525 0.03875 0.19083333 0.0725 0.21166667 0.10125 0.1975 0.116875 0.1525 0.10625 0.11416667
0 0.11625 0.4175 0.095 0.41916665 0.080625 0.43 0.07125 0.46166667 0.086875 0.4825 0.104375 0.485 0.126875 0.46833333 0.128125 0.4425
0 0.695625 0.875 0.671875 0.87666667 0.656875 0.8975 0.654375 0.9241667 0.668125 0.945 0.6875 0.9458333 0.70625 0.9291667 0.708125 0.88666666
0 0.29375 0.58166665 0.27125 0.58166665 0.255 0.5908333 0.249375 0.605 0.253125 0.63 0.258125 0.63916665 0.276875 0.64666665 0.293125 0.635 0.29875 0.62 0.3 0.5908333
0 0.84875 0.26 0.825625 0.27166668 0.81375 0.30666667 0.8225 0.3375 0.84875 0.35333332 0.871875 0.34166667 0.88375 0.30666667 0.875 0.27583334
0 0.0175 0.85583335 0.00625 0.87583333 0.006875 0.9058333 0.02125 0.93 0.03125 0.93583333 0.04125 0.93416667 0.05375 0.91583335 0.053125 0.8883333 0.036875 0.86083335 0.02875 0.855
0 0.76125 0.09166667 0.76 0.1225 0.77625 0.14083333 0.800625 0.14083333 0.81625 0.12583333 0.81875 0.105 0.811875 0.09 0.79875 0.08083333 0.783125 0.07666667 0.770625 0.08083333
0 0.251875 0.35916665 0.23375 0.35333332 0.214375 0.37166667 0.206875 0.40416667 0.206875 0.44 0.21375 0.44083333 0.226875 0.4225 0.254375 0.41083333 0.26 0.38333333
0 0.425625 0.5375 0.40875 0.54583335 0.399375 0.5725 0.405625 0.595 0.425625 0.6075 0.4425 0.5991667 0.451875 0.5725 0.445625 0.55
0 0.118125 0.0 0.120625 0.035 0.12625 0.0525 0.133125 0.059166666 0.15 0.055833332 0.161875 0.030833334 0.145 0.0
