0 0.273125 0.064166665 0.243125 0.07833333 0.229375 0.10166667 0.225 0.12833333 0.235625 0.16833334 0.253125 0.18666667 0.273125 0.1925 0.303125 0.17833333 0.316875 0.155 0.32125 0.12833333 0.310625 0.08833333 0.293125 0.07
0 0.484375 0.47583333 0.461875 0.48666668 0.451875 0.50416666 0.44875 0.5233333 0.456875 0.55333334 0.47 0.56666666 0.484375 0.5708333 0.506875 0.56 0.516875 0.5425 0.52 0.5233333 0.511875 0.49333334 0.49875 0.48
0 0.3325 0.1325 0.3175 0.13916667 0.31125 0.14833333 0.3075 0.16583334 0.3125 0.18583333 0.319375 0.19416666 0.3325 0.19916667 0.3475 0.1925 0.35375 0.18333334 0.3575 0.16583334 0.3525 0.14583333 0.345625 0.1375
0 0.93 0.1725 0.908125 0.17583333 0.89625 0.18833333 0.894375 0.2175 0.898125 0.23 0.906875 0.23916666 0.93375 0.23666666 0.943125 0.2225 0.94375 0.195
0 0.804375 0.00083333335 0.79875 0.0325 0.81 0.05666667 0.83375 0.064166665 0.851875 0.04916667 0.858125 0.025 0.851875 0.00083333335
0 0.7875 0.37666667 0.7825 0.38916665 0.781875 0.415 0.791875 0.44666666 0.80875 0.46166667 0.82875 0.45416668 0.835 0.44166666 0.835 0.42 0.828125 0.39416668 0.81125 0.37333333
0 0.883125 0.7033333 0.861875 0.705 0.8475 0.7158333 0.838125 0.7475 0.85375 0.7683333 0.87125 0.7708333 0.89375 0.75416666 0.895 0.72833335
0 0.2325 0.123333335 0.201875 0.13833334 0.185 0.18666667 0.19625 0.2275 0.2325 0.25 0.263125 0.235 0.28 0.18666667 0.26875 0.14583333
0 0.329375 0.46416667 0.300625 0.47083333 0.289375 0.4925 0.293125 0.52 0.313125 0.5391667 0.33375 0.53 0.345625 0.51666665 0.346875 0.4825
0 0.749375 0.39916667 0.74125 0.435 0.753125 0.4875 0.76625 0.52 0.78875 0.5225 0.79875 0.51 0.813125 0.4575 0.8075 0.41666666 0.794375 0.40666667
0 0.685 0.7441667 0.675 0.74833333 0.67 0.755 0.666875 0.7683333 0.67 0.7816667 0.675 0.78833336 0.685 0.7925 0.695 0.78833336 0.7 0.7816667 0.703125 0.7683333 0.7 0.755 0.695 0.74833333
0 0.929375 0.7475 0.91875 0.74083334 0.9 0.74333334 0.870625 0.785 0.865 0.80916667 0.875625 0.83 0.89 0.8375 0.9325 0.8375 0.939375 0.8308333 0.945625 0.80583334
0 0.025625 0.004166667 0.02875 0.016666668 0.031875 0.020833334 0.04125 0.025 0.050625 0.020833334 0.05375 0.016666668 0.056875 0.004166667 0.05625 0.0 0.02625 0.0
