0 0.171875 0.37166667 0.150625 0.3825 0.14 0.41416666 0.148125 0.4425 0.171875 0.45666668 0.193125 0.44583333 0.20375 0.41416666 0.195625 0.38583332
0 0.64625 0.82 0.633125 0.8375 0.631875 0.865 0.64625 0.885 0.664375 0.8883333 0.68125 0.8675 0.678125 0.8616667 0.68 0.8491667 0.67375 0.84166664 0.6725 0.8258333 0.665625 0.8275 0.659375 0.8175
0 0.684375 0.0033333334 0.679375 0.033333335 0.688125 0.058333334 0.695 0.05666667 0.7025 0.06583333 0.718125 0.068333335 0.73375 0.05666667 0.73875 0.039166667 0.728125 0.0058333334 0.71875 0.0
0 0.375 0.21583334 0.36 0.21916667 0.34375 0.2375 0.341875 0.2575 0.3475 0.27666667 0.374375 0.29333332 0.39375 0.26583335 0.4 0.24166666 0.391875 0.23166667 0.390625 0.22
0 0.713125 0.25 0.70875 0.255 0.6925 0.25166667 0.67875 0.26583335 0.675 0.295 0.686875 0.33333334 0.695625 0.3325 0.70125 0.34166667 0.72 0.33 0.73875 0.29333332 0.729375 0.26416665 0.719375 0.2625
0 0.0375 0.20333333 0.0225 0.21166667 0.015625 0.22333333 0.015 0.24083333 0.023125 0.26833335 0.0325 0.2775 0.04875 0.28166667 0.0525 0.27166668 0.064375 0.26166666 0.06875 0.235
0 0.270625 0.7275 0.255625 0.7341667 0.249375 0.74333334 0.245625 0.7608333 0.250625 0.7808333 0.2575 0.7891667 0.270625 0.7941667 0.285625 0.7875 0.291875 0.7783333 0.295625 0.7608333 0.290625 0.74083334 0.28375 0.7325
0 0.209375 0.011666667 0.2075 0.036666665 0.21875 0.068333335 0.229375 0.06583333 0.24 0.075833336 0.264375 0.061666667 0.264375 0.039166667 0.27125 0.030833334 0.25875 0.0016666667 0.2225 0.0
0 0.498125 0.5125 0.476875 0.515 0.45875 0.5316667 0.469375 0.58916664 0.49 0.60333335 0.508125 0.5991667 0.520625 0.565 0.515 0.5308333
0 0.341875 0.043333333 0.335625 0.0475 0.320625 0.093333334 0.336875 0.115 0.355625 0.123333335 0.36625 0.11666667 0.37875 0.08833333 0.3725 0.0775 0.37375 0.06 0.361875 0.060833335 0.359375 0.04916667
0 0.148125 0.6933333 0.118125 0.7075 0.104375 0.73083335 0.1 0.7575 0.110625 0.7975 0.128125 0.81583333 0.148125 0.82166666 0.178125 0.8075 0.191875 0.7841667 0.19625 0.7575 0.185625 0.7175 0.168125 0.69916666
0 0.54375 0.39416668 0.53625 0.3975 0.533125 0.40166667 0.530625 0.41166666 0.533125 0.42166665 0.53625 0.42583334 0.54375 0.42916667 0.55125 0.42583334 0.554375 0.42166665 0.556875 0.41166666 0.554375 0.40166667 0.55125 0.3975
0 0.47125 0.14583333 0.458125 0.15166667 0.4525 0.16 0.449375 0.175 0.45375 0.1925 0.46 0.2 0.47125 0.20416667 0.484375 0.19833334 0.49 0.19 0.493125 0.175 0.48875 0.1575 0.4825 0.15
0 0.898125 0.07416666 0.881875 0.07416666 0.868125 0.0825 0.85625 0.100833334 0.85625 0.145 0.8625 0.155 0.89375 0.15166667 0.89875 0.14583333 0.90875 0.1075 0.9075 0.0875
0 0.646875 0.34333333 0.609375 0.36166668 0.58875 0.42083332 0.6025 0.47083333 0.646875 0.49833333 0.684375 0.48 0.705 0.42083332 0.69125 0.37083334
0 0.74625 0.88666666 0.735625 0.89166665 0.73125 0.8983333 0.72875 0.91 0.7325 0.9241667 0.7375 0.93 0.74625 0.93333334 0.756875 0.92833334 0.76125 0.9216667 0.76375 0.91 0.76 0.8958333 0.755 0.89
