0 0.075625 0.245 0.06375 0.265 0.06375 0.2825 0.071875 0.30583334 0.094375 0.31916666 0.121875 0.30833334 0.130625 0.28583333 0.121875 0.25333333 0.098125 0.2375
0 0.808125 0.465 0.781875 0.4775 0.769375 0.5 0.76625 0.5208333 0.775625 0.55583334 0.7925 0.5725 0.808125 0.57666665 0.834375 0.56416667 0.846875 0.5416667 0.85 0.5208333 0.840625 0.48583335 0.82375 0.46916667
0 0.9075 0.68666667 0.8875 0.69666666 0.876875 0.7275 0.884375 0.75416666 0.9075 0.7683333 0.9275 0.7583333 0.938125 0.7275 0.930625 0.7008333
0 0.355625 0.036666665 0.329375 0.04916667 0.316875 0.071666665 0.31375 0.0925 0.323125 0.1275 0.34 0.14416666 0.355625 0.14833333 0.381875 0.13583334 0.394375 0.11333334 0.3975 0.0925 0.388125 0.0575 0.37125 0.04083333
0 0.299375 0.5441667 0.273125 0.54833335 0.25625 0.5733333 0.2525 0.605 0.2725 0.63166666 0.3025 0.62833333 0.32 0.60083336 0.32 0.56666666
0 0.16375 0.7291667 0.140625 0.73083335 0.12 0.75416666 0.115 0.78833336 0.123125 0.80833334 0.145 0.815 0.1725 0.79333335 0.17875 0.77 0.1775 0.75
0 0.659375 0.43083334 0.635625 0.44333333 0.624375 0.46916667 0.631875 0.51 0.6575 0.5325 0.68375 0.52166665 0.69375 0.49083334 0.68375 0.44916666
0 0.663125 0.48583335 0.643125 0.49166667 0.62375 0.5283333 0.629375 0.56333333 0.649375 0.58416665 0.676875 0.5758333 0.69125 0.5375 0.685625 0.50416666
0 0.565 0.29333332 0.5525 0.29916668 0.5475 0.30666667 0.544375 0.32083333 0.54875 0.3375 0.554375 0.34416667 0.565 0.34833333 0.5775 0.3425 0.5825 0.335 0.585625 0.32083333 0.58125 0.30416667 0.575625 0.2975
0 0.19875 0.33833334 0.17375 0.35 0.16125 0.38166666 0.165625 0.41583332 0.19375 0.44416666 0.21875 0.415 0.225625 0.3875 0.22125 0.35583332
0 0.106875 0.45333335 0.095625 0.45833334 0.09 0.46666667 0.0875 0.47916666 0.09125 0.49416667 0.0975 0.50166667 0.106875 0.505 0.118125 0.5 0.12375 0.49166667 0.12625 0.47916666 0.1225 0.46416667 0.11625 0.45666668
0 0.2275 0.7658333 0.2025 0.7733333 0.186875 0.80083334 0.18875 0.8358333 0.20625 0.85833335 0.233125 0.8566667 0.244375 0.8441667 0.253125 0.82 0.24875 0.7825
0 0.740625 0.80083334 0.7275 0.8066667 0.721875 0.815 0.71875 0.83 0.723125 0.8475 0.729375 0.855 0.740625 0.8591667 0.75375 0.85333335 0.759375 0.845 0.7625 0.83 0.758125 0.8125 0.751875 0.805
0 0.475625 0.5625 0.47375 0.59166664 0.488125 0.62083334 0.499375 0.6275 0.5175 0.62666667 0.535625 0.61 0.535 0.5625
0 0.34 0.7775 0.315625 0.7808333 0.29625 0.80333334 0.291875 0.83166665 0.303125 0.85583335 0.325625 0.865 0.35125 0.84833336 0.359375 0.8283333 0.36 0.81083333 0.353125 0.7891667
0 0.373125 0.7441667 0.360625 0.75166667 0.349375 0.77 0.351875 0.8066667 0.37375 0.83166665 0.399375 0.8308333 0.418125 0.8075 0.418125 0.77416664 0.4025 0.75083333
0 0.311875 0.1625 0.291875 0.16833334 0.2725 0.205 0.278125 0.24 0.298125 0.26083332 0.325625 0.2525 0.34 0.21416667 0.334375 0.18083334
0 0.804375 0.6458333 0.784375 0.6558333 0.77375 0.68666667 0.78125 0.7133333 0.804375 0.7275 0.824375 0.7175 0.835 0.68666667 0.8275 0.66
