0 0.103125 0.38416666 0.085 0.39333335 0.075625 0.42083332 0.0825 0.445 0.103125 0.4575 0.12125 0.44833332 0.130625 0.42083332 0.12375 0.39666668
0 0.85 0.6616667 0.8275 0.6533333 0.809375 0.6666667 0.81125 0.68 0.8 0.6975 0.806875 0.7325 0.83625 0.7325 0.850625 0.72333336 0.858125 0.6933333 0.8575 0.675
0 0.535625 0.60083336 0.5025 0.6166667 0.486875 0.645 0.483125 0.67083335 0.495 0.715 0.51625 0.73583335 0.535625 0.74083334 0.56875 0.725 0.584375 0.69666666 0.588125 0.67083335 0.57625 0.62666667 0.555 0.60583335
0 0.635 0.81 0.615625 0.82416666 0.604375 0.85833335 0.620625 0.89 0.63625 0.895 0.65125 0.8875 0.659375 0.87083334 0.6625 0.84583336 0.6525 0.82
0 0.9075 0.8175 0.88375 0.82916665 0.870625 0.8666667 0.879375 0.8983333 0.9075 0.91583335 0.93125 0.90416664 0.944375 0.8666667 0.935625 0.835
0 0.315625 0.6775 0.28 0.6958333 0.2625 0.74833333 0.27625 0.79583335 0.315625 0.81916666 0.35125 0.80083334 0.36875 0.74833333 0.355 0.7008333
0 0.794375 0.21 0.774375 0.22 0.76375 0.25083333 0.77125 0.2775 0.794375 0.29166666 0.814375 0.28166667 0.825 0.25083333 0.8175 0.22416666
0 0.0425 0.25333333 0.02125 0.25916666 0.0 0.28083333 0.0 0.3725 0.02125 0.39416668 0.0425 0.4 0.078125 0.3825 0.0975 0.32666665 0.084375 0.27916667
0 0.433125 0.80333334 0.41875 0.7866667 0.39 0.80583334 0.358125 0.81 0.33125 0.84166664 0.330625 0.87666667 0.36875 0.8933333 0.398125 0.8575 0.416875 0.86083335 0.41875 0.82666665
0 0.42 0.305 0.396875 0.31666666 0.385 0.35166666 0.39375 0.3825 0.42 0.39833334 0.443125 0.38666666 0.455 0.35166666 0.44625 0.32083333
0 0.07125 0.1575 0.06 0.1625 0.054375 0.17166667 0.0525 0.1825 0.05625 0.1975 0.063125 0.205 0.07125 0.2075 0.0825 0.2025 0.088125 0.19333333 0.09 0.1825 0.08625 0.1675 0.079375 0.16
0 0.46125 0.8208333 0.44625 0.8275 0.44 0.83666664 0.43625 0.8541667 0.44125 0.87416667 0.448125 0.8825 0.46125 0.8875 0.47625 0.8808333 0.4825 0.87166667 0.48625 0.8541667 0.48125 0.83416665 0.474375 0.8258333
0 0.675625 0.54333335 0.659375 0.5516667 0.65125 0.5758333 0.6575 0.5975 0.675625 0.60833335 0.691875 0.6 0.7 0.5758333 0.69375 0.5541667
0 0.783125 0.00083333335 0.771875 0.023333333 0.775 0.04916667 0.790625 0.06583333 0.8125 0.0625 0.825 0.041666668 0.8225 0.0125 0.813125 0.0
0 0.8725 0.7266667 0.8625 0.74 0.851875 0.7725 0.86125 0.8075 0.885625 0.81666666 0.894375 0.81166667 0.9075 0.7891667 0.909375 0.76666665 0.90125 0.7525 0.904375 0.7441667 0.898125 0.7441667 0.891875 0.7325
0 0.84125 0.5933333 0.833125 0.5966667 0.82875 0.6025 0.82625 0.61333334 0.82875 0.62416667 0.833125 0.63 0.84125 0.6333333 0.849375 0.63 0.85375 0.62416667 0.85625 0.61333334 0.85375 0.6025 0.849375 0.5966667
0 0.0075 0.725 0.0 0.7266667 0.0 0.7966667 0.0075 0.79833335 0.025625 0.7891667 0.0325 0.77666664 0.035 0.76166666 0.028125 0.7375 0.01875 0.72833335
0 0.515 0.28833333 0.506875 0.29166666 0.5025 0.2975 0.5 0.30833334 0.5025 0.31916666 0.506875 0.325 0.515 0.32833335 0.523125 0.325 0.5275 0.31916666 0.53 0.30833334 0.5275 0.2975 0.523125 0.29166666
0 0.7675 0.56166667 0.760625 0.56416667 0.755625 0.5708333 0.75375 0.58 0.755625 0.58916664 0.760625 0.59583336 0.7675 0.59833336 0.774375 0.59583336 0.779375 0.58916664 0.78125 0.58 0.779375 0.5708333 0.774375 0.56416667
