0 0.09516461 0.24005784 0.07510288 0.2494577 0.06635802 0.26319596 0.061728396 0.28705713 0.068415634 0.31525669 0.0781893 0.3275488 0.09516461 0.3340564 0.115226336 0.32465655 0.123971194 0.3109183 0.12860082 0.28705713 0.12191358 0.25885755 0.11213992 0.24656543
0 0.86728394 0.28344178 0.85082304 0.29139552 0.8441358 0.30151844 0.8400206 0.3217643 0.845679 0.3449024 0.85288066 0.35430223 0.86728394 0.36008677 0.88374484 0.35213304 0.8904321 0.3420101 0.89454734 0.3217643 0.8888889 0.29862618 0.8816872 0.28922632
0 0.56378603 0.6066522 0.5349794 0.62111354 0.52263373 0.6428055 0.5180041 0.6710051 0.5282922 0.7114968 0.5437243 0.7288503 0.56378603 0.73535794 0.5925926 0.7208966 0.60493827 0.6992046 0.6095679 0.6710051 0.5992798 0.63051337 0.58384776 0.6131598
0 0.0 0.47939262 0.0 0.57628345 0.008230452 0.5777296 0.030864198 0.5661605 0.040637862 0.5480839 0.04372428 0.52783805 0.03549383 0.49602315 0.022633744 0.48228487
0 0.33590534 0.65220535 0.32150206 0.63268256 0.29578188 0.63268256 0.27674899 0.65582067 0.27520576 0.6825741 0.27932099 0.6941432 0.29012346 0.70065075 0.32304525 0.69631237 0.33590534 0.681851
0 0.17644033 0.55097616 0.14506173 0.56688356 0.12705761 0.6203905 0.13837449 0.6644975 0.17644033 0.6898048 0.20781893 0.6738973 0.22582304 0.6203905 0.21450618 0.57628345
0 0.8883745 0.11352133 0.88065845 0.1735358 0.9022634 0.21041214 0.9372428 0.20824295 0.9511317 0.19161244 0.9583333 0.15762834 0.94804525 0.13159798 0.92026746 0.10845987
0 0.7808642 0.3615329 0.7680041 0.34056398 0.75360084 0.3383948 0.70679015 0.37960956 0.720679 0.4078091 0.75565845 0.4164859 0.77469134 0.39840925
0 0.8816872 0.11352133 0.8605967 0.12942877 0.85082304 0.17208967 0.8631687 0.20173536 0.8847737 0.21402748 0.90380657 0.2010123 0.9115226 0.17642805 0.9027778 0.13159798
0 0.44701645 0.8054953 0.42644033 0.78958786 0.39506173 0.80260307 0.37911522 0.84020245 0.38220164 0.86984813 0.4048354 0.88286334 0.4372428 0.86767894 0.4516461 0.83586407
0 0.8888889 0.74765 0.86985594 0.7440347 0.85288066 0.7527115 0.83179015 0.7845264 0.8312757 0.8040492 0.8631687 0.8308026 0.89454734 0.81706434 0.9053498 0.7982646 0.906893 0.7729573
0 0.45627573 0.6587129 0.43261316 0.63123643 0.4084362 0.63702095 0.39403293 0.6767896 0.3945473 0.7129429 0.4223251 0.7194505 0.44495884 0.7093276
0 0.052469134 0.6413594 0.020061728 0.65654373 0.0 0.6999277 0.009259259 0.7628344 0.024691358 0.7823572 0.052469134 0.7932032 0.08744856 0.7751265 0.106481485 0.7172813 0.093621396 0.6681128
0 0.41769546 0.11858279 0.39711934 0.12942877 0.38631687 0.1626898 0.39403293 0.19161244 0.41769546 0.20679682 0.4382716 0.19595084 0.44907406 0.1626898 0.44135803 0.13376717
