0 0.02875 0.18916667 0.000625 0.19 0.003125 0.29083332 0.035 0.28083333 0.051875 0.25333333 0.051875 0.21583334 0.040625 0.19666667
0 0.6625 0.030833334 0.61875 0.055 0.600625 0.11333334 0.61875 0.17166667 0.6625 0.19583334 0.70625 0.17166667 0.724375 0.11333334 0.70625 0.055
0 0.596875 0.025 0.57375 0.020833334 0.553125 0.030833334 0.5275 0.0675 0.526875 0.09 0.565625 0.12083333 0.60375 0.105 0.616875 0.083333336 0.61875 0.054166667
0 0.556875 0.6675 0.5225 0.6691667 0.49875 0.70416665 0.49625 0.7441667 0.519375 0.7758333 0.551875 0.7733333 0.575625 0.74333334 0.576875 0.6983333
0 0.27 0.7866667 0.248125 0.7975 0.23625 0.83166665 0.244375 0.86083335 0.27 0.87666667 0.291875 0.86583334 0.30375 0.83166665 0.295625 0.8025
0 0.246875 0.285 0.21875 0.29833335 0.205 0.32333332 0.201875 0.345 0.211875 0.3825 0.230625 0.40083334 0.246875 0.405 0.275 0.39166668 0.28875 0.36666667 0.291875 0.345 0.281875 0.3075 0.263125 0.28916666
0 0.28875 0.39916667 0.26375 0.41166666 0.250625 0.45 0.26 0.48333332 0.28875 0.50083333 0.31375 0.48833334 0.326875 0.45 0.3175 0.41666666
0 0.144375 0.6275 0.116875 0.6408333 0.095625 0.6666667 0.099375 0.705 0.12625 0.7325 0.15 0.73333335 0.169375 0.7175 0.17 0.6458333
0 0.510625 0.665 0.50625 0.6983333 0.533125 0.7291667 0.56875 0.73833334 0.595 0.70916665 0.596875 0.68583333 0.59125 0.665
0 0.674375 0.4525 0.656875 0.43 0.625625 0.43 0.6025 0.45666668 0.600625 0.4875 0.605625 0.50083333 0.61875 0.5083333 0.65875 0.50333333 0.674375 0.48666668
