0 0.5775 0.018333333 0.56375 0.041666668 0.565 0.0825 0.583125 0.10583334 0.60625 0.10583334 0.618125 0.094166666 0.625 0.075833336 0.62375 0.045 0.601875 0.019166667
0 0.73625 0.81416667 0.710625 0.8325 0.706875 0.8675 0.715 0.8925 0.72875 0.91 0.754375 0.91583335 0.78125 0.89416665 0.784375 0.85333335 0.763125 0.81916666
0 0.715 0.2625 0.715 0.35583332 0.726875 0.35583332 0.745 0.33833334 0.75 0.3225 0.749375 0.30333334 0.736875 0.27583334
0 0.72625 0.86583334 0.70375 0.87833333 0.69375 0.9116667 0.706875 0.9458333 0.731875 0.95416665 0.75625 0.93416667 0.76 0.9008333 0.751875 0.87833333
0 0.325 0.27 0.308125 0.2775 0.300625 0.28833333 0.29625 0.30833334 0.301875 0.33083335 0.31 0.34083334 0.325 0.34666666 0.341875 0.33916667 0.349375 0.32833335 0.35375 0.30833334 0.348125 0.28583333 0.34 0.27583334
0 0.583125 0.16333333 0.5675 0.19166666 0.57625 0.22916667 0.593125 0.24416667 0.614375 0.24416667 0.628125 0.23583333 0.640625 0.20666666 0.631875 0.17416666 0.60875 0.1575
0 0.448125 0.024166666 0.433125 0.031666666 0.425 0.055 0.430625 0.075 0.448125 0.08583333 0.463125 0.07833333 0.47125 0.055 0.465625 0.035
0 0.7875 0.59583336 0.765625 0.6066667 0.75375 0.6408333 0.761875 0.67 0.7875 0.68583333 0.809375 0.675 0.82125 0.6408333 0.813125 0.6116667
0 0.2375 0.66083336 0.21125 0.67083335 0.19875 0.6958333 0.2 0.725 0.22125 0.7525 0.235625 0.75416666 0.25 0.74583334 0.263125 0.7183333 0.25875 0.68
0 0.810625 0.8408333 0.785 0.8591667 0.78125 0.89416665 0.789375 0.9191667 0.803125 0.93666667 0.82875 0.9425 0.855625 0.92083335 0.85875 0.88 0.8375 0.84583336
0 0.47 0.8258333 0.45 0.8383333 0.439375 0.87333333 0.44875 0.905 0.461875 0.9166667 0.475625 0.91833335 0.49625 0.905 0.50625 0.87083334 0.495625 0.8375
0 0.835 0.52916664 0.821875 0.53583336 0.815 0.55583334 0.82 0.5733333 0.835 0.5825 0.848125 0.5758333 0.855 0.55583334 0.85 0.53833336
