0 0.6475 0.0325 0.62 0.0575 0.60875 0.09916667 0.624375 0.13083333 0.663125 0.14166667 0.6925 0.10666667 0.696875 0.065 0.676875 0.036666665
0 0.480625 0.53333336 0.448125 0.55083334 0.43375 0.59583336 0.446875 0.63916665 0.480625 0.65833336 0.513125 0.6408333 0.5275 0.59583336 0.514375 0.5525
0 0.790625 0.26916668 0.771875 0.26583335 0.758125 0.28083333 0.743125 0.33833334 0.754375 0.36083335 0.784375 0.3625 0.806875 0.335 0.81 0.2975 0.8025 0.27916667
0 0.86875 0.111666664 0.83125 0.13083333 0.8125 0.18666667 0.826875 0.23666666 0.86875 0.26166666 0.90625 0.2425 0.925 0.18666667 0.910625 0.13666667
0 0.444375 0.335 0.429375 0.34166667 0.4225 0.35166666 0.41875 0.36916667 0.42375 0.38916665 0.43125 0.39833334 0.444375 0.40333334 0.459375 0.39666668 0.46625 0.38666666 0.47 0.36916667 0.465 0.34916666 0.4575 0.34
0 0.18 0.3375 0.135 0.36166668 0.115 0.42416668 0.133125 0.48416665 0.18 0.5108333 0.225 0.48666668 0.245 0.42416668 0.226875 0.36416668
0 0.49 0.68 0.46 0.69416666 0.44625 0.7175 0.441875 0.7441667 0.4525 0.7841667 0.47 0.8025 0.49 0.80833334 0.52 0.7941667 0.53375 0.7708333 0.538125 0.7441667 0.5275 0.70416665 0.51 0.68583333
0 0.085 0.22416666 0.043125 0.24416667 0.025625 0.27333334 0.01875 0.3125 0.03375 0.36833334 0.055625 0.39166668 0.085 0.40083334 0.126875 0.38083333 0.144375 0.35166666 0.15125 0.3125 0.13625 0.25666666 0.114375 0.23333333
0 0.84125 0.5683333 0.80875 0.58416665 0.790625 0.6358333 0.8025 0.6791667 0.84125 0.7033333 0.87375 0.6875 0.891875 0.6358333 0.88 0.5925
0 0.09 0.8125 0.0725 0.82666665 0.054375 0.87 0.07875 0.9008333 0.10125 0.905 0.12125 0.89 0.134375 0.855 0.131875 0.835 0.113125 0.81583333
0 0.31125 0.00083333335 0.30625 0.044166666 0.32625 0.08166666 0.36 0.08916666 0.388125 0.0625 0.395 0.030833334 0.38875 0.00083333335
0 0.68875 0.56583333 0.66 0.5808333 0.64625 0.6225 0.6575 0.66083336 0.68875 0.6791667 0.7175 0.6641667 0.73125 0.6225 0.72 0.58416665
0 0.180625 0.7658333 0.1625 0.7808333 0.155625 0.7966667 0.1575 0.82916665 0.18375 0.85833335 0.205 0.85833335 0.224375 0.8375 0.2275 0.8016667 0.219375 0.7825 0.20375 0.76666665
0 0.5325 0.6075 0.514375 0.61583334 0.50625 0.62833333 0.5025 0.6475 0.50875 0.6716667 0.518125 0.6825 0.5325 0.6875 0.550625 0.6791667 0.55875 0.6666667 0.5625 0.6475 0.55625 0.62333333 0.546875 0.6125
0 0.08 0.6641667 0.050625 0.64416665 0.026875 0.64916664 0.003125 0.6725 0.0 0.70916665 0.015625 0.7291667 0.066875 0.7266667 0.08 0.7058333
