0 0.1225 0.8258333 0.113125 0.83416665 0.106875 0.86 0.110625 0.8825 0.128125 0.89666665 0.149375 0.8933333 0.16 0.8666667 0.161875 0.8441667 0.153125 0.8375 0.15 0.8275
0 0.83125 0.30333334 0.836875 0.32166666 0.85 0.34 0.86125 0.33583334 0.874375 0.33916667 0.880625 0.3275 0.893125 0.31833333 0.896875 0.3
0 0.7975 0.62083334 0.776875 0.6308333 0.7675 0.6475 0.765 0.6641667 0.7725 0.69166666 0.785 0.70416665 0.7975 0.7075 0.818125 0.6975 0.8275 0.68083334 0.83 0.6641667 0.8225 0.63666666 0.81 0.62416667
0 0.506875 0.6641667 0.489375 0.6825 0.48875 0.7025 0.49875 0.7375 0.516875 0.7583333 0.55125 0.75666666 0.565625 0.7275 0.55625 0.68416667 0.530625 0.66083336
0 0.013125 0.63916665 0.0 0.64166665 0.0 0.76166666 0.013125 0.76416665 0.045625 0.74666667 0.06 0.70166665 0.046875 0.65833336
0 0.68625 0.115 0.665625 0.13583334 0.66375 0.17083333 0.675625 0.195 0.70125 0.20333333 0.724375 0.185 0.731875 0.16083333 0.730625 0.145 0.71875 0.1275
0 0.653125 0.49583334 0.650625 0.5025 0.641875 0.5058333 0.6325 0.51916665 0.635 0.525 0.6325 0.5366667 0.640625 0.56166667 0.655 0.56916666
0 0.12875 0.00083333335 0.09625 0.04083333 0.094375 0.10166667 0.124375 0.145 0.17 0.1475 0.2025 0.1075 0.204375 0.046666667 0.174375 0.0033333334
0 0.269375 0.24583334 0.251875 0.25833333 0.239375 0.28 0.245 0.3025 0.276875 0.32833335 0.289375 0.32166666 0.308125 0.285 0.28625 0.24916667
0 0.080625 0.079166666 0.06375 0.086666666 0.056875 0.096666664 0.0525 0.11666667 0.058125 0.13916667 0.065625 0.14833333 0.080625 0.15416667 0.0975 0.14666666 0.104375 0.13666667 0.10875 0.11666667 0.103125 0.094166666 0.095625 0.085
0 0.13875 0.5883333 0.12375 0.59583336 0.115625 0.6191667 0.12125 0.63916665 0.13875 0.65 0.15375 0.6425 0.161875 0.6191667 0.15625 0.5991667
0 0.7375 0.25583333 0.7175 0.25833333 0.704375 0.26833335 0.6975 0.2825 0.69625 0.315 0.72125 0.33416668 0.73875 0.33583334 0.750625 0.3275 0.756875 0.31333333 0.7575 0.27833334
