0 0.8825 0.50083333 0.855625 0.51416665 0.84125 0.55583334 0.85125 0.59166664 0.8825 0.61083335 0.909375 0.5975 0.92375 0.55583334 0.91375 0.52
0 0.52375 0.28333333 0.49125 0.29916668 0.473125 0.35083333 0.485 0.39416668 0.52375 0.41833332 0.55625 0.4025 0.574375 0.35083333 0.5625 0.3075
0 0.7075 0.9291667 0.69625 0.935 0.690625 0.95166665 0.695 0.96666664 0.7075 0.9741667 0.71875 0.9683333 0.724375 0.95166665 0.72 0.93666667
0 0.61 0.845 0.585 0.8575 0.571875 0.8958333 0.58125 0.9291667 0.61 0.94666666 0.635 0.93416667 0.648125 0.8958333 0.63875 0.8625
0 0.774375 0.5825 0.74875 0.58916664 0.73375 0.6166667 0.739375 0.65166664 0.754375 0.6666667 0.78125 0.66 0.78 0.63416666 0.8 0.60583335 0.78875 0.59
0 0.415625 0.1725 0.40625 0.16583334 0.386875 0.2 0.36125 0.20166667 0.363125 0.225 0.374375 0.24833333 0.403125 0.25416666 0.425 0.23583333 0.430625 0.20166667
0 0.103125 0.675 0.084375 0.68333334 0.076875 0.69416666 0.071875 0.71666664 0.078125 0.7416667 0.08625 0.75166667 0.103125 0.7583333 0.121875 0.75 0.129375 0.7391667 0.134375 0.71666664 0.128125 0.69166666 0.12 0.6816667
0 0.920625 0.37416667 0.89625 0.3825 0.88375 0.40583333 0.88875 0.4425 0.908125 0.4625 0.936875 0.45166665 0.94875 0.425 0.946875 0.39666668
0 0.429375 0.29833335 0.414375 0.30583334 0.40625 0.32916668 0.411875 0.34916666 0.429375 0.36 0.444375 0.3525 0.4525 0.32916668 0.446875 0.30916667
0 0.579375 0.15583333 0.571875 0.18333334 0.585625 0.2175 0.606875 0.23083334 0.63625 0.22833334 0.63 0.19416666 0.645 0.15916666 0.60875 0.14
0 0.77875 0.13 0.765625 0.15416667 0.764375 0.1875 0.78 0.2125 0.806875 0.215 0.82375 0.1925 0.82375 0.15333334 0.818125 0.13916667 0.799375 0.1425
0 0.24375 0.5258333 0.22875 0.5375 0.220625 0.5566667 0.21625 0.5941667 0.229375 0.62416667 0.254375 0.6325 0.26125 0.62916666 0.246875 0.6016667 0.246875 0.57 0.255 0.5541667 0.274375 0.5425 0.260625 0.5275
0 0.079375 0.6125 0.056875 0.62583333 0.04875 0.6591667 0.055 0.68333334 0.064375 0.69666666 0.084375 0.7033333 0.108125 0.68833333 0.11625 0.6558333 0.113125 0.63666666 0.100625 0.6191667
