0 0.660625 0.14416666 0.631875 0.15916666 0.618125 0.20083334 0.629375 0.23916666 0.660625 0.2575 0.689375 0.2425 0.703125 0.20083334 0.691875 0.1625
0 0.624375 0.22 0.60125 0.24333334 0.60125 0.2775 0.619375 0.305 0.6425 0.30666667 0.661875 0.2875 0.66625 0.25916666 0.649375 0.225
0 0.66375 0.5991667 0.68125 0.6308333 0.72125 0.62666667 0.758125 0.59166664 0.761875 0.5708333 0.744375 0.54 0.716875 0.54333335 0.691875 0.53333336 0.67625 0.5475 0.676875 0.57416666
0 0.51625 0.6558333 0.490625 0.66833335 0.47625 0.70916665 0.485625 0.74333334 0.51625 0.7625 0.541875 0.75 0.55625 0.70916665 0.546875 0.675
0 0.669375 0.15 0.66375 0.18583333 0.68375 0.22083333 0.703125 0.23083334 0.72 0.22916667 0.74125 0.21416667 0.749375 0.19666667 0.749375 0.16666667 0.73375 0.14 0.690625 0.13166666
0 0.11 0.14666666 0.08875 0.1575 0.078125 0.18916667 0.08625 0.2175 0.11 0.23166667 0.13125 0.22083333 0.141875 0.18916667 0.13375 0.16083333
0 0.16625 0.6741667 0.14375 0.68416667 0.133125 0.7008333 0.12875 0.7241667 0.13625 0.75416666 0.14875 0.7683333 0.16625 0.77416664 0.18875 0.76416665 0.199375 0.7475 0.20375 0.7241667 0.19625 0.69416666 0.18375 0.68
0 0.438125 0.525 0.415 0.5366667 0.403125 0.57166666 0.411875 0.6025 0.438125 0.61833334 0.46125 0.6066667 0.473125 0.57166666 0.464375 0.54083335
0 0.541875 0.1175 0.513125 0.14083333 0.508125 0.1675 0.523125 0.20166667 0.54875 0.22083333 0.570625 0.205 0.58 0.17833333 0.575 0.14083333
0 0.184375 0.44833332 0.168125 0.47166666 0.17 0.5083333 0.19125 0.5375 0.2125 0.54 0.2275 0.5225 0.235625 0.49333334 0.21125 0.455
0 0.04375 0.2125 0.02625 0.2275 0.02125 0.26416665 0.03375 0.28416666 0.061875 0.29 0.076875 0.27333334 0.08125 0.24166666 0.0675 0.21666667
0 0.431875 0.7291667 0.403125 0.7441667 0.389375 0.78583336 0.400625 0.82416666 0.431875 0.8425 0.460625 0.8275 0.474375 0.78583336 0.463125 0.7475
0 0.70125 0.00083333335 0.686875 0.025 0.689375 0.0625 0.70875 0.08416667 0.736875 0.08083333 0.753125 0.055 0.750625 0.0175 0.7375 0.0
0 0.311875 0.2175 0.291875 0.26 0.296875 0.27833334 0.318125 0.2825 0.33875 0.30416667 0.354375 0.2975 0.373125 0.275 0.37625 0.25333333 0.354375 0.22166666 0.340625 0.21166667
