0 0.685625 0.0725 0.66625 0.096666664 0.664375 0.12166667 0.675625 0.15333334 0.68625 0.15083334 0.696875 0.16083333 0.72125 0.14666666 0.72125 0.12416667 0.728125 0.115833335 0.715625 0.086666666
0 0.359375 0.29333332 0.34625 0.30833334 0.349375 0.32583332 0.34125 0.35083333 0.341875 0.37083334 0.35625 0.38916665 0.375625 0.38916665 0.390625 0.36916667 0.39375 0.34333333 0.388125 0.33166668 0.39 0.31833333 0.375 0.295
0 0.734375 0.56916666 0.708125 0.58166665 0.695625 0.6041667 0.6925 0.625 0.701875 0.66 0.71875 0.6766667 0.734375 0.68083334 0.760625 0.66833335 0.773125 0.6458333 0.77625 0.625 0.766875 0.59 0.75 0.5733333
0 0.4425 0.34916666 0.42375 0.3575 0.41125 0.37916666 0.4275 0.415 0.445625 0.41833332 0.456875 0.415 0.461875 0.40666667 0.465625 0.36916667 0.4525 0.35
0 0.2975 0.725 0.26875 0.74 0.255 0.7816667 0.26625 0.82 0.2975 0.8383333 0.32625 0.8233333 0.34 0.7816667 0.32875 0.74333334
0 0.813125 0.0016666667 0.800625 0.046666667 0.81875 0.09916667 0.8525 0.115833335 0.891875 0.09166667 0.904375 0.046666667 0.890625 0.0
0 0.13 0.575 0.115 0.5783333 0.09875 0.5966667 0.096875 0.6166667 0.1025 0.6358333 0.129375 0.6525 0.14875 0.625 0.155 0.60083336 0.146875 0.5908333 0.145625 0.57916665
0 0.556875 0.32583332 0.5325 0.3375 0.52125 0.3575 0.518125 0.3775 0.526875 0.41 0.541875 0.425 0.556875 0.42916667 0.58125 0.4175 0.5925 0.3975 0.595625 0.3775 0.586875 0.345 0.571875 0.33
0 0.515 0.021666666 0.519375 0.041666668 0.591875 0.04083333 0.58875 0.015833333 0.575 0.008333334 0.57125 0.0 0.520625 0.0016666667
0 0.435 0.6483333 0.436875 0.6675 0.4425 0.67833334 0.47125 0.69083333 0.48375 0.68666667 0.5 0.66 0.49625 0.6483333
