0 0.1325 0.685 0.114375 0.6775 0.085625 0.68916667 0.071875 0.7275 0.079375 0.75666666 0.11125 0.77 0.1425 0.75 0.145 0.71416664
0 0.815625 0.22 0.801875 0.24583334 0.816875 0.28666666 0.854375 0.29 0.870625 0.26333332 0.8675 0.22666667 0.834375 0.21083333
0 0.48625 0.17583333 0.463125 0.1875 0.45125 0.2225 0.46 0.25333333 0.48625 0.26916668 0.509375 0.2575 0.52125 0.2225 0.5125 0.19166666
0 0.114375 0.53333336 0.08625 0.5466667 0.0725 0.57166666 0.069375 0.5933333 0.079375 0.6308333 0.098125 0.64916664 0.114375 0.6533333 0.1425 0.64 0.15625 0.615 0.159375 0.5933333 0.149375 0.55583334 0.130625 0.5375
0 0.7975 0.55583334 0.784375 0.5625 0.7775 0.5825 0.7825 0.6 0.7975 0.6091667 0.810625 0.6025 0.8175 0.5825 0.8125 0.565
0 0.50625 0.28416666 0.47625 0.29916668 0.460625 0.345 0.471875 0.385 0.50625 0.40583333 0.53625 0.39083335 0.551875 0.345 0.540625 0.305
0 0.51875 0.47666666 0.498125 0.48583335 0.49 0.4975 0.484375 0.5225 0.49125 0.55 0.5 0.56083333 0.51875 0.5683333 0.539375 0.55916667 0.5475 0.5475 0.553125 0.5225 0.54625 0.495 0.5375 0.48416665
0 0.7 0.81166667 0.67 0.7991667 0.660625 0.8325 0.64 0.85 0.645 0.86583334 0.66 0.8825 0.683125 0.8825 0.694375 0.87583333 0.706875 0.85583335 0.709375 0.8358333
0 0.4 0.51416665 0.390625 0.49 0.3825 0.48333332 0.370625 0.48166665 0.353125 0.49 0.340625 0.51666665
0 0.6075 0.8516667 0.5925 0.8691667 0.58875 0.89166665 0.600625 0.9191667 0.6125 0.9166667 0.628125 0.92583334 0.64875 0.9075 0.6525 0.87 0.645 0.86833334 0.63625 0.855
0 0.378125 0.60583335 0.34625 0.62083334 0.33125 0.64666665 0.326875 0.6741667 0.338125 0.71666664 0.3575 0.7366667 0.378125 0.7425 0.41 0.7275 0.425 0.70166665 0.429375 0.6741667 0.418125 0.63166666 0.39875 0.6116667
0 0.148125 0.28166667 0.145625 0.31583333 0.158125 0.33833334 0.186875 0.345 0.1975 0.34166667 0.209375 0.32666665 0.215625 0.305 0.21125 0.28
0 0.054375 0.31416667 0.0475 0.3175 0.044375 0.3225 0.043125 0.32916668 0.045625 0.33833334 0.049375 0.3425 0.054375 0.34416667 0.06125 0.34083334 0.064375 0.33583334 0.065625 0.32916668 0.063125 0.32 0.059375 0.31583333
0 0.818125 0.67583334 0.798125 0.685 0.79 0.69666666 0.785 0.72 0.791875 0.74666667 0.800625 0.7575 0.818125 0.76416665 0.838125 0.755 0.84625 0.74333334 0.85125 0.72 0.844375 0.6933333 0.835625 0.6825
0 0.849375 0.27416667 0.81 0.295 0.791875 0.35083333 0.8075 0.40333334 0.849375 0.4275 0.88875 0.40666667 0.906875 0.35083333 0.89125 0.29833335
