0 0.568125 0.55 0.5475 0.55916667 0.539375 0.5708333 0.53375 0.59583336 0.540625 0.62333333 0.549375 0.63416666 0.568125 0.64166665 0.58875 0.6325 0.596875 0.62083334 0.6025 0.59583336 0.595625 0.5683333 0.586875 0.5575
0 0.8975 0.615 0.8825 0.62166667 0.86875 0.6408333 0.86375 0.6741667 0.878125 0.7075 0.903125 0.71666664 0.929375 0.69166666 0.934375 0.6575 0.923125 0.62666667
0 0.83625 0.2975 0.8375 0.31166667 0.848125 0.3325 0.870625 0.34166667 0.885625 0.34083334 0.894375 0.33416668 0.905625 0.3075 0.905625 0.2975
0 0.545625 0.5125 0.525625 0.52416664 0.51375 0.5541667 0.51625 0.5783333 0.539375 0.6016667 0.545625 0.6016667
0 0.1975 0.0225 0.1625 0.039166667 0.15375 0.06583333 0.16125 0.10583334 0.19125 0.1275 0.2175 0.115 0.229375 0.08 0.221875 0.04083333
0 0.070625 0.44166666 0.050625 0.44916666 0.03625 0.47833332 0.043125 0.515 0.065625 0.5308333 0.088125 0.5225 0.1 0.49416667 0.093125 0.45916668
0 0.213125 0.095 0.195625 0.10916667 0.186875 0.14416666 0.19125 0.16083333 0.205625 0.17916666 0.231875 0.1825 0.253125 0.15916666 0.254375 0.11833333 0.235 0.09583333
0 0.05625 0.08 0.03875 0.094166666 0.03 0.12916666 0.034375 0.14583333 0.04875 0.16416667 0.075 0.1675 0.09625 0.14416666 0.0975 0.10333333 0.078125 0.08083333
0 0.403125 0.575 0.39 0.58166665 0.383125 0.6016667 0.388125 0.6191667 0.403125 0.62833333 0.41625 0.62166667 0.423125 0.6016667 0.418125 0.58416665
0 0.289375 0.325 0.265 0.33666667 0.25375 0.35666665 0.250625 0.37666667 0.259375 0.40916666 0.274375 0.42416668 0.289375 0.42833334 0.31375 0.41666666 0.325 0.39666668 0.328125 0.37666667 0.319375 0.34416667 0.304375 0.32916668
0 0.301875 0.08583333 0.286875 0.0925 0.273125 0.111666664 0.268125 0.145 0.2825 0.17833333 0.3075 0.1875 0.33375 0.1625 0.33875 0.12833333 0.3275 0.0975
