0 0.0225 0.50083333 0.008125 0.50666666 0.0 0.5183333 0.000625 0.555 0.008125 0.565 0.0225 0.5708333 0.039375 0.5625 0.04875 0.53583336 0.0425 0.5133333
0 0.860625 0.60333335 0.85875 0.6325 0.873125 0.6616667 0.884375 0.66833335 0.9025 0.6675 0.920625 0.6508333 0.92 0.60333335
0 0.749375 0.42166665 0.735 0.42833334 0.729375 0.43666667 0.725625 0.45333335 0.730625 0.4725 0.736875 0.48 0.749375 0.485 0.76375 0.47833332 0.769375 0.47 0.773125 0.45333335 0.768125 0.43416667 0.761875 0.42666668
0 0.336875 0.81416667 0.320625 0.8225 0.3125 0.8466667 0.31875 0.86833334 0.336875 0.87916666 0.353125 0.87083334 0.36125 0.8466667 0.355 0.825
0 0.52 0.85083336 0.501875 0.86 0.4925 0.8875 0.499375 0.9116667 0.52 0.9241667 0.538125 0.915 0.5475 0.8875 0.540625 0.86333334
0 0.275 0.72083336 0.254375 0.73083335 0.245 0.7475 0.2425 0.76416665 0.25 0.7916667 0.2625 0.8041667 0.275 0.8075 0.295625 0.7975 0.305 0.7808333 0.3075 0.76416665 0.3 0.7366667 0.2875 0.7241667
0 0.65375 0.4325 0.648125 0.45166665 0.660625 0.4825 0.663125 0.51 0.684375 0.52416664 0.711875 0.5225 0.719375 0.49 0.70125 0.43416667 0.686875 0.42083332 0.66375 0.42333335
0 0.45125 0.435 0.42 0.44083333 0.40625 0.455 0.398125 0.49 0.41125 0.52166665 0.445 0.5316667 0.47125 0.50166667 0.473125 0.465 0.465625 0.4475
0 0.105 0.86833334 0.08875 0.87583333 0.08125 0.8875 0.078125 0.90416664 0.08375 0.92583334 0.0925 0.93583333 0.105 0.94 0.12125 0.9325 0.12875 0.92083335 0.131875 0.90416664 0.12625 0.8825 0.1175 0.8725
0 0.101875 0.58416665 0.08125 0.5933333 0.073125 0.605 0.0675 0.63 0.074375 0.6575 0.083125 0.66833335 0.101875 0.67583334 0.1225 0.6666667 0.130625 0.655 0.13625 0.63 0.129375 0.6025 0.120625 0.59166664
0 0.44125 0.32083333 0.429375 0.34083334 0.429375 0.35833332 0.4375 0.38166666 0.46 0.395 0.4875 0.38416666 0.49625 0.36166668 0.4875 0.32916668 0.46375 0.31333333
0 0.1725 0.86583334 0.1525 0.87583333 0.141875 0.9066667 0.149375 0.93333334 0.1725 0.9475 0.1925 0.9375 0.203125 0.9066667 0.195625 0.88
0 0.725625 0.035 0.70125 0.046666667 0.69 0.06666667 0.686875 0.086666666 0.695625 0.119166665 0.710625 0.13416667 0.725625 0.13833334 0.75 0.12666667 0.76125 0.10666667 0.764375 0.086666666 0.755625 0.054166667 0.740625 0.039166667
0 0.220625 0.5775 0.200625 0.5875 0.19 0.61833334 0.1975 0.645 0.220625 0.6591667 0.240625 0.64916664 0.25125 0.61833334 0.24375 0.59166664
0 0.6775 0.235 0.65625 0.24916667 0.646875 0.28 0.655 0.305 0.670625 0.31666666 0.68375 0.3175 0.7075 0.29666665 0.7125 0.2725 0.700625 0.2425
0 0.48875 0.41083333 0.471875 0.41833332 0.464375 0.42916667 0.46 0.44916666 0.465625 0.47166666 0.47375 0.48166665 0.48875 0.4875 0.505625 0.48 0.513125 0.46916667 0.5175 0.44916666 0.511875 0.42666668 0.50375 0.41666666
0 0.87 0.70916665 0.8475 0.72 0.8375 0.7375 0.834375 0.75666666 0.8425 0.7866667 0.855625 0.8 0.87 0.8041667 0.8925 0.79333335 0.9025 0.7758333 0.905625 0.75666666 0.8975 0.7266667 0.884375 0.7133333
0 0.619375 0.031666666 0.596875 0.041666668 0.58625 0.058333334 0.581875 0.08166666 0.589375 0.111666664 0.601875 0.12583333 0.619375 0.13166666 0.641875 0.12166667 0.6525 0.105 0.656875 0.08166666 0.649375 0.051666666 0.636875 0.0375
