0 0.7675 0.17083333 0.756875 0.2 0.734375 0.21416667 0.7375 0.2275 0.75375 0.2475 0.7925 0.25166667 0.80625 0.22833334 0.798125 0.17583333 0.785 0.16666667
0 0.11125 0.009166666 0.128125 0.035 0.14625 0.035833333 0.16 0.021666666 0.165625 0.0 0.1125 0.0
0 0.93 0.16666667 0.91875 0.1725 0.913125 0.18916667 0.9175 0.20416667 0.93 0.21166667 0.94125 0.20583333 0.946875 0.18916667 0.9425 0.17416666
0 0.478125 0.75166667 0.449375 0.7225 0.425 0.7266667 0.410625 0.74083334 0.399375 0.7991667 0.43875 0.80333334 0.44375 0.79 0.465625 0.785
0 0.591875 0.4875 0.5675 0.49916667 0.55625 0.51916665 0.553125 0.5391667 0.561875 0.57166666 0.576875 0.58666664 0.591875 0.5908333 0.61625 0.57916665 0.6275 0.55916667 0.630625 0.5391667 0.621875 0.50666666 0.606875 0.49166667
0 0.1325 0.29083332 0.098125 0.3075 0.07875 0.3625 0.09125 0.40833333 0.1325 0.43416667 0.166875 0.4175 0.18625 0.3625 0.17375 0.31666666
0 0.40625 0.15166667 0.399375 0.15416667 0.394375 0.16083333 0.3925 0.17 0.394375 0.17916666 0.399375 0.18583333 0.40625 0.18833333 0.413125 0.18583333 0.418125 0.17916666 0.42 0.17 0.418125 0.16083333 0.413125 0.15416667
0 0.686875 0.026666667 0.66875 0.035833333 0.659375 0.06333333 0.66625 0.0875 0.686875 0.1 0.705 0.090833336 0.714375 0.06333333 0.7075 0.039166667
0 0.075625 0.405 0.049375 0.40416667 0.0425 0.42 0.043125 0.5133333 0.064375 0.505 0.076875 0.485 0.088125 0.42333335
0 0.079375 0.6766667 0.06125 0.69166666 0.0375 0.6975 0.02125 0.72083336 0.02125 0.7575 0.0475 0.79 0.066875 0.7783333 0.070625 0.7475 0.08875 0.72083336
0 0.1775 0.44333333 0.145625 0.44083333 0.123125 0.48666668 0.1225 0.5083333 0.138125 0.52166665 0.154375 0.5208333 0.17 0.5108333 0.183125 0.47166666
0 0.120625 0.7391667 0.10375 0.7191667 0.088125 0.71666664 0.06125 0.7475 0.05375 0.76916665 0.12 0.76916665
0 0.219375 0.41333333 0.20125 0.42166665 0.193125 0.43416667 0.189375 0.45333335 0.195625 0.4775 0.205 0.48833334 0.219375 0.49333334 0.2375 0.485 0.245625 0.4725 0.249375 0.45333335 0.243125 0.42916667 0.23375 0.41833332
0 0.918125 0.48916668 0.89375 0.5 0.883125 0.5158333 0.8775 0.54333335 0.885625 0.5758333 0.8975 0.59 0.918125 0.5975 0.9425 0.58666664 0.953125 0.5708333 0.95875 0.54333335 0.950625 0.5108333 0.93875 0.49666667
0 0.389375 0.495 0.364375 0.5075 0.35125 0.54583335 0.360625 0.57916665 0.389375 0.5966667 0.414375 0.58416665 0.4275 0.54583335 0.418125 0.5125
0 0.1225 0.8525 0.135625 0.88 0.16625 0.89666665 0.19625 0.895 0.20625 0.865 0.20625 0.8375 0.19 0.8175 0.160625 0.81166667 0.1425 0.82166666
0 0.598125 0.7925 0.576875 0.80333334 0.56625 0.835 0.574375 0.86333334 0.598125 0.8775 0.619375 0.8666667 0.63 0.835 0.621875 0.8066667
0 0.61875 0.6675 0.611875 0.6625 0.594375 0.68083334 0.58 0.68666667 0.575 0.7033333 0.566875 0.7108333 0.565625 0.72083336 0.575625 0.75 0.6 0.75 0.62625 0.71416664 0.626875 0.69
