0 0.586875 0.09 0.56875 0.09833334 0.560625 0.11083333 0.556875 0.13 0.563125 0.15416667 0.5725 0.165 0.586875 0.17 0.605 0.16166666 0.613125 0.14916667 0.616875 0.13 0.610625 0.10583334 0.60125 0.095
0 0.413125 0.82916665 0.395 0.8375 0.386875 0.85 0.383125 0.8691667 0.389375 0.8933333 0.39875 0.90416664 0.413125 0.9091667 0.43125 0.9008333 0.439375 0.8883333 0.443125 0.8691667 0.436875 0.845 0.4275 0.83416665
0 0.348125 0.021666666 0.33125 0.029166667 0.32375 0.04 0.319375 0.06 0.325 0.0825 0.333125 0.0925 0.348125 0.09833334 0.365 0.090833336 0.3725 0.08 0.376875 0.06 0.37125 0.0375 0.363125 0.0275
0 0.730625 0.8575 0.715 0.8591667 0.70375 0.86833334 0.688125 0.89916664 0.695625 0.92 0.715 0.9375 0.739375 0.93083334 0.755625 0.905 0.75625 0.8858333 0.75125 0.87166667
0 0.149375 0.17083333 0.135 0.19583334 0.140625 0.22833334 0.160625 0.2425 0.1825 0.24 0.19375 0.23166667 0.20375 0.20583333 0.18875 0.19333333 0.183125 0.175 0.17 0.16583334
0 0.44 0.48666668 0.41 0.50083333 0.39625 0.52416664 0.391875 0.55083334 0.4025 0.5908333 0.42 0.6091667 0.44 0.615 0.47 0.60083336 0.48375 0.5775 0.488125 0.55083334 0.4775 0.5108333 0.46 0.4925
0 0.821875 0.39 0.8125 0.39416668 0.8075 0.40166667 0.805625 0.41166666 0.80875 0.42416668 0.814375 0.43083334 0.821875 0.43333334 0.83125 0.42916667 0.83625 0.42166665 0.838125 0.41166666 0.835 0.39916667 0.829375 0.3925
0 0.005625 0.02 0.0 0.021666666 0.0 0.058333334 0.005625 0.06 0.01375 0.05666667 0.018125 0.050833333 0.020625 0.04 0.018125 0.029166667 0.01375 0.023333333
0 0.4625 0.62416667 0.44125 0.6308333 0.428125 0.6533333 0.43125 0.6825 0.446875 0.6983333 0.4675 0.6958333 0.480625 0.6825 0.48375 0.6716667 0.480625 0.6408333
0 0.0425 0.009166666 0.026875 0.025833333 0.023125 0.050833333 0.029375 0.0725 0.035625 0.079166666 0.0575 0.085 0.07625 0.0675 0.0775 0.034166668 0.065625 0.013333334
0 0.738125 0.22166666 0.71375 0.23333333 0.7025 0.25333333 0.699375 0.27333334 0.708125 0.30583334 0.723125 0.32083333 0.738125 0.325 0.7625 0.31333333 0.77375 0.29333332 0.776875 0.27333334 0.768125 0.24083333 0.753125 0.22583333
0 0.575625 0.46583334 0.54375 0.48083332 0.52875 0.50666666 0.524375 0.5341667 0.535625 0.57666665 0.555 0.5966667 0.575625 0.6025 0.6075 0.5875 0.6225 0.56166667 0.626875 0.5341667 0.615625 0.49166667 0.59625 0.47166666
0 0.261875 0.0 0.26625 0.029166667 0.28375 0.046666667 0.298125 0.0475 0.309375 0.041666668 0.3225 0.018333333 0.323125 0.0
0 0.3875 0.12 0.36625 0.135 0.36125 0.17166667 0.3675 0.19 0.380625 0.20166667 0.393125 0.20416667 0.406875 0.18833333 0.41375 0.14916667 0.40375 0.125
