0 0.636875 0.7866667 0.621875 0.8041667 0.618125 0.82666665 0.63 0.8541667 0.641875 0.8516667 0.6575 0.86083335 0.678125 0.8425 0.681875 0.805 0.674375 0.80333334 0.665625 0.79
0 0.57125 0.8625 0.5575 0.88416666 0.563125 0.9175 0.5875 0.93416667 0.61125 0.9225 0.61625 0.915 0.6125 0.8775 0.601875 0.8625
0 0.72375 0.87833333 0.7125 0.88416666 0.706875 0.9008333 0.71125 0.91583335 0.72375 0.92333335 0.735 0.9175 0.740625 0.9008333 0.73625 0.8858333
0 0.354375 0.485 0.32125 0.49666667 0.310625 0.5466667 0.334375 0.56416667 0.356875 0.56166667 0.371875 0.54333335 0.37375 0.5175 0.368125 0.5
0 0.245 0.69416666 0.23 0.7008333 0.22375 0.71 0.22 0.7275 0.225 0.7475 0.231875 0.7558333 0.245 0.7608333 0.26 0.75416666 0.26625 0.745 0.27 0.7275 0.265 0.7075 0.258125 0.69916666
0 0.285625 0.041666668 0.265 0.050833333 0.251875 0.09583333 0.256875 0.1225 0.273125 0.13666667 0.29125 0.12666667 0.2975 0.090833336 0.305625 0.08083333 0.30125 0.058333334
0 0.97875 0.19416666 0.97625 0.20083334 0.9675 0.20416667 0.958125 0.2175 0.960625 0.22333333 0.958125 0.235 0.96625 0.26 0.980625 0.2675
0 0.630625 0.65416664 0.595625 0.67083335 0.580625 0.6958333 0.575 0.72833335 0.5875 0.775 0.60625 0.795 0.630625 0.8025 0.665625 0.78583336 0.680625 0.7608333 0.68625 0.72833335 0.67375 0.6816667 0.655 0.6616667
0 0.486875 0.0 0.488125 0.0575 0.516875 0.095 0.543125 0.0975 0.56125 0.06583333 0.546875 0.0
0 0.053125 0.6 0.04375 0.6041667 0.03875 0.6116667 0.036875 0.62166667 0.04 0.63416666 0.045625 0.6408333 0.053125 0.6433333 0.0625 0.63916665 0.0675 0.63166666 0.069375 0.62166667 0.06625 0.6091667 0.060625 0.6025
0 0.565 0.5491667 0.550625 0.55583334 0.545 0.56416667 0.54125 0.5808333 0.54625 0.6 0.5525 0.6075 0.565 0.6125 0.579375 0.60583335 0.585 0.5975 0.58875 0.5808333 0.58375 0.56166667 0.5775 0.5541667
0 0.21125 0.1075 0.194375 0.12 0.18875 0.155 0.199375 0.18583333 0.225625 0.1925 0.244375 0.1725 0.249375 0.14166667 0.234375 0.1075
0 0.699375 0.60333335 0.679375 0.61333334 0.66875 0.64416665 0.67625 0.67083335 0.699375 0.685 0.719375 0.675 0.73 0.64416665 0.7225 0.6175
0 0.8775 0.885 0.880625 0.93083334 0.89375 0.95166665 0.903125 0.9575 0.9225 0.95416665 0.94 0.93333334 0.9475 0.8858333 0.933125 0.9066667 0.9075 0.91333336 0.888125 0.9058333
0 0.36875 0.46416667 0.355625 0.47083333 0.34875 0.49083334 0.35375 0.5083333 0.36875 0.5175 0.381875 0.5108333 0.38875 0.49083334 0.38375 0.47333333
