0 0.506875 0.01 0.513125 0.034166668 0.5225 0.045 0.536875 0.05 0.555 0.041666668 0.563125 0.029166667 0.566875 0.01 0.565625 0.0 0.508125 0.0
0 0.07875 0.053333335 0.06 0.075833336 0.055625 0.10666667 0.07125 0.14 0.095625 0.15 0.128125 0.1225 0.129375 0.08083333 0.118125 0.060833335 0.106875 0.054166667
0 0.750625 0.26916668 0.72625 0.2725 0.706875 0.295 0.7025 0.32333332 0.71375 0.3475 0.73625 0.35666665 0.761875 0.34 0.77 0.32 0.770625 0.3025 0.76375 0.28083333
0 0.576875 0.8433333 0.551875 0.85833335 0.545 0.8858333 0.551875 0.9266667 0.57 0.935 0.595 0.9266667 0.61 0.89666665 0.605625 0.86583334 0.59375 0.85083336
0 0.4275 0.22333333 0.421875 0.23083334 0.42 0.25416666 0.410625 0.2675 0.415 0.2975 0.43375 0.3225 0.4625 0.31916666 0.47375 0.29166666 0.468125 0.25416666 0.45 0.2275
0 0.739375 0.6358333 0.725 0.6191667 0.71 0.6166667 0.685 0.63416666 0.675625 0.665 0.740625 0.665
0 0.443125 0.6141667 0.42 0.62583333 0.408125 0.66083336 0.416875 0.69166666 0.443125 0.7075 0.46625 0.6958333 0.478125 0.66083336 0.469375 0.63
0 0.55875 0.13166666 0.53875 0.13833334 0.525 0.15916666 0.524375 0.18666667 0.529375 0.2025 0.545 0.21916667 0.571875 0.21416667 0.581875 0.19333333 0.583125 0.1775 0.57625 0.14916667
0 0.0 0.41166666 0.0 0.50333333 0.02625 0.4925 0.035 0.47666666 0.038125 0.4575 0.029375 0.42666668 0.0175 0.415
0 0.12625 0.24 0.113125 0.24583334 0.106875 0.255 0.10375 0.27 0.108125 0.2875 0.115 0.29583332 0.12625 0.3 0.139375 0.29416665 0.145625 0.285 0.14875 0.27 0.144375 0.2525 0.1375 0.24416667
0 0.61625 0.8566667 0.599375 0.865 0.59 0.89166665 0.59625 0.9141667 0.61625 0.9266667 0.633125 0.91833335 0.6425 0.89166665 0.63625 0.8691667
0 0.56625 0.25583333 0.54375 0.26666668 0.53375 0.28416666 0.530625 0.30333334 0.53875 0.33333334 0.551875 0.34666666 0.56625 0.35083333 0.58875 0.34 0.59875 0.3225 0.601875 0.30333334 0.59375 0.27333334 0.580625 0.26
0 0.7775 0.020833334 0.75875 0.03 0.748125 0.06 0.755 0.085 0.7775 0.09916667 0.79625 0.09 0.806875 0.06 0.8 0.035
0 0.076875 0.81083333 0.054375 0.8208333 0.04375 0.8375 0.039375 0.86083335 0.046875 0.8908333 0.059375 0.905 0.076875 0.91083336 0.099375 0.9008333 0.11 0.88416666 0.114375 0.86083335 0.106875 0.8308333 0.094375 0.81666666
0 0.036875 0.7125 0.020625 0.72 0.013125 0.7316667 0.01 0.74833333 0.015625 0.77 0.024375 0.78 0.036875 0.7841667 0.053125 0.77666664 0.060625 0.765 0.06375 0.74833333 0.058125 0.7266667 0.049375 0.71666664
0 0.275625 0.7225 0.259375 0.73 0.251875 0.7416667 0.24875 0.7583333 0.254375 0.78 0.263125 0.79 0.275625 0.7941667 0.291875 0.7866667 0.299375 0.775 0.3025 0.7583333 0.296875 0.7366667 0.288125 0.7266667
0 0.490625 0.795 0.483125 0.81916666 0.5 0.87083334 0.523125 0.8858333 0.55 0.87083334 0.555 0.8491667 0.54375 0.8125 0.51875 0.7941667
0 0.7475 0.7875 0.7275 0.7941667 0.71375 0.815 0.713125 0.8425 0.718125 0.85833335 0.73375 0.875 0.760625 0.87 0.770625 0.8491667 0.771875 0.8333333 0.765 0.805
0 0.59625 0.115833335 0.575625 0.13166666 0.56625 0.17416666 0.57 0.1975 0.5825 0.21833333 0.60625 0.22666667 0.625 0.20583333 0.63125 0.16666667 0.621875 0.13083333
