0 0.189375 0.43166667 0.160625 0.4025 0.13625 0.40666667 0.121875 0.42083332 0.110625 0.47916666 0.15 0.48333332 0.155 0.47 0.176875 0.465
0 0.250625 0.0016666667 0.231875 0.046666667 0.244375 0.105 0.278125 0.13 0.321875 0.11333334 0.340625 0.068333335 0.328125 0.01 0.32 0.0
0 0.1275 0.42666668 0.106875 0.43583333 0.09875 0.4475 0.093125 0.4725 0.1 0.5 0.10875 0.5108333 0.1275 0.5183333 0.148125 0.50916666 0.15625 0.4975 0.161875 0.4725 0.155 0.445 0.14625 0.43416667
0 0.5025 0.6875 0.48875 0.75083333 0.5 0.7775 0.539375 0.77916664 0.554375 0.7891667 0.57625 0.7733333 0.58375 0.74916667 0.57125 0.72 0.54625 0.71166664 0.52875 0.68
0 0.94375 0.22083333 0.884375 0.22 0.86625 0.24416667 0.87125 0.275 0.898125 0.3175 0.92 0.32083333 0.94375 0.28166667 0.951875 0.25333333
0 0.445625 0.38166666 0.429375 0.39 0.42125 0.41416666 0.4275 0.43583333 0.445625 0.44666666 0.461875 0.43833333 0.47 0.41416666 0.46375 0.3925
0 0.036875 0.17083333 0.015625 0.18166667 0.005 0.21333334 0.013125 0.24166666 0.036875 0.25583333 0.058125 0.245 0.06875 0.21333334 0.060625 0.185
0 0.00875 0.0 0.0 0.016666668 0.0 0.03 0.01625 0.051666666 0.028125 0.053333335 0.0375 0.0475 0.0475 0.024166666 0.045625 0.0
0 0.655 0.31583333 0.65 0.2825 0.640625 0.26583335 0.59625 0.26583335 0.586875 0.27 0.578125 0.2975 0.5975 0.32333332 0.645 0.33083335
0 0.915625 0.8425 0.9025 0.845 0.888125 0.8591667 0.88375 0.89 0.88625 0.93 0.909375 0.94166666 0.925 0.93416667 0.935625 0.9066667 0.9325 0.86333334
0 0.36 0.2025 0.351875 0.20583333 0.3475 0.21166667 0.345 0.2225 0.3475 0.23333333 0.351875 0.23916666 0.36 0.2425 0.368125 0.23916666 0.3725 0.23333333 0.375 0.2225 0.3725 0.21166667 0.368125 0.20583333
0 0.92 0.6425 0.9125 0.6458333 0.909375 0.65 0.906875 0.66 0.909375 0.67 0.9125 0.6741667 0.92 0.6775 0.9275 0.6741667 0.930625 0.67 0.933125 0.66 0.930625 0.65 0.9275 0.6458333
0 0.0 0.23083334 0.0 0.28666666 0.005 0.29333332 0.06 0.28166667 0.055625 0.23166667
0 0.74625 0.31666666 0.733125 0.30916667 0.7175 0.31166667 0.6975 0.34083334 0.699375 0.36833334 0.71125 0.38833332 0.715625 0.36916667 0.72375 0.36 0.763125 0.35416666 0.75875 0.33416668
0 0.051875 0.73833334 0.025625 0.7441667 0.006875 0.78833336 0.005625 0.8358333 0.021875 0.8641667 0.043125 0.86333334 0.056875 0.83916664 0.0575 0.81166667 0.06625 0.7975 0.048125 0.77916664
0 0.075625 0.1675 0.060625 0.18833333 0.059375 0.21666667 0.075 0.24 0.088125 0.24333334 0.1 0.23916666 0.114375 0.21416667 0.110625 0.1875 0.1 0.17333333
0 0.3975 0.24166666 0.36375 0.25833333 0.345625 0.31083333 0.358125 0.35583332 0.3975 0.38 0.43125 0.36333334 0.449375 0.31083333 0.436875 0.26583335
