0 0.400625 0.00083333335 0.40625 0.035833333 0.429375 0.055833332 0.455625 0.048333332 0.470625 0.0175 0.47 0.0
0 0.7525 0.7925 0.728125 0.79083335 0.7075 0.8175 0.71125 0.85583335 0.731875 0.87666667 0.755625 0.87083334 0.770625 0.8466667 0.76875 0.81333333
0 0.7525 0.43 0.7375 0.43666667 0.730625 0.44666666 0.726875 0.46416667 0.731875 0.48416665 0.739375 0.49333334 0.7525 0.49833333 0.7675 0.49166667 0.774375 0.48166665 0.778125 0.46416667 0.773125 0.44416666 0.765625 0.435
0 0.37875 0.785 0.366875 0.81416667 0.375 0.8491667 0.404375 0.8675 0.429375 0.8575 0.44 0.82916665 0.43 0.7916667 0.410625 0.7775
0 0.108125 0.29666665 0.0925 0.28 0.0575 0.2775 0.051875 0.3075 0.02625 0.33416668 0.028125 0.3425 0.055625 0.36083335 0.093125 0.3525 0.109375 0.33166668
0 0.578125 0.053333335 0.5575 0.06333333 0.548125 0.08 0.545625 0.096666664 0.553125 0.12416667 0.565625 0.13666667 0.578125 0.14 0.59875 0.13 0.608125 0.11333334 0.610625 0.096666664 0.603125 0.06916667 0.590625 0.05666667
0 0.849375 0.22833334 0.824375 0.24083333 0.81125 0.27916667 0.820625 0.3125 0.849375 0.33 0.874375 0.3175 0.8875 0.27916667 0.878125 0.24583334
0 0.089375 0.05 0.074375 0.05666667 0.060625 0.075833336 0.055625 0.10916667 0.07 0.1425 0.095 0.15166667 0.12125 0.12666667 0.12625 0.0925 0.115 0.061666667
0 0.413125 0.2675 0.393125 0.27666667 0.385 0.28833333 0.38 0.31166667 0.386875 0.33833334 0.395625 0.34916666 0.413125 0.35583332 0.433125 0.34666666 0.44125 0.335 0.44625 0.31166667 0.439375 0.285 0.430625 0.27416667
0 0.245 0.7 0.24625 0.71416664 0.256875 0.735 0.279375 0.7441667 0.294375 0.74333334 0.303125 0.7366667 0.314375 0.71 0.314375 0.7
0 0.293125 0.33833334 0.265625 0.34833333 0.255 0.375 0.26125 0.40833333 0.284375 0.425 0.30625 0.41666666 0.32 0.38583332 0.32 0.36833334 0.313125 0.35166666
0 0.23625 0.82666665 0.22375 0.8325 0.21875 0.84 0.215625 0.8541667 0.22 0.87083334 0.225625 0.8775 0.23625 0.88166666 0.24875 0.87583333 0.25375 0.86833334 0.256875 0.8541667 0.2525 0.8375 0.246875 0.8308333
0 0.90625 0.49583334 0.889375 0.50416666 0.88 0.5308333 0.88625 0.55333334 0.90625 0.56583333 0.923125 0.5575 0.9325 0.5308333 0.92625 0.5083333
0 0.77125 0.00083333335 0.783125 0.038333334 0.808125 0.055833332 0.8375 0.045833334 0.850625 0.023333333 0.85 0.0
0 0.3575 0.46833333 0.344375 0.47416666 0.338125 0.48333332 0.335 0.49833333 0.339375 0.5158333 0.34625 0.52416664 0.3575 0.5283333 0.370625 0.5225 0.376875 0.5133333 0.38 0.49833333 0.375625 0.48083332 0.36875 0.4725
