0 0.19855967 0.55314535 0.16769548 0.57049894 0.15380658 0.61605203 0.16615227 0.659436 0.19855967 0.6789588 0.22942387 0.6616052 0.24331276 0.61605203 0.23096707 0.57266814
0 0.13425925 0.8734635 0.11934157 0.8937093 0.12139918 0.90600145 0.118312754 0.912509 0.12345679 0.9262473 0.13168724 0.93492407 0.14917696 0.9363702 0.15534979 0.9305857 0.16460906 0.90383226 0.1579218 0.88286334
0 0.65380657 0.0007230658 0.64454734 0.020968908 0.64660496 0.041937817 0.656893 0.056399133 0.6579218 0.07158352 0.67849797 0.073029645 0.6805556 0.066522054 0.6872428 0.06579899 0.69804525 0.028199567 0.6893004 0.0007230658
0 0.22170782 0.74765 0.21450618 0.757773 0.21090534 0.7888648 0.22633745 0.81489515 0.24176955 0.8185105 0.25257203 0.8004338 0.2494856 0.77223426 0.2345679 0.74765
0 0.4058642 0.21691974 0.39557612 0.2219812 0.3914609 0.22848879 0.3888889 0.2407809 0.3924897 0.25524223 0.39711934 0.26102674 0.4058642 0.2646421 0.41615227 0.2595806 0.4202675 0.25307304 0.4228395 0.2407809 0.4192387 0.2263196 0.41460904 0.22053507
0 0.022119341 0.08098337 0.012860082 0.08532176 0.008230452 0.09255242 0.0061728396 0.10339841 0.009259259 0.11641359 0.014403292 0.12292118 0.022119341 0.12581345 0.0313786 0.121475056 0.03600823 0.114244394 0.038065843 0.10339841 0.034979425 0.090383224 0.029835392 0.083875634
0 0.91512346 0.54374546 0.9032922 0.5292842 0.8796296 0.54591465 0.85339504 0.54953 0.8312757 0.5770065 0.8307613 0.60737526 0.86213994 0.6218366 0.8863169 0.59074473 0.90174896 0.59363705 0.9032922 0.5639913
0 0.040637862 0.7151121 0.020576132 0.7245119 0.011831276 0.7382502 0.007201646 0.76211137 0.013888889 0.7903109 0.023662552 0.80260307 0.040637862 0.80911064 0.06069959 0.79971075 0.06944445 0.78597254 0.074074075 0.76211137 0.06738683 0.7339118 0.057613168 0.72161967
0 0.44444445 0.45047 0.41358024 0.46637744 0.39660493 0.5177151 0.40792182 0.56109905 0.44444445 0.5849602 0.47530866 0.56905276 0.49228394 0.5177151 0.48096707 0.47433117
0 0.80504113 0.38177875 0.7937243 0.39407086 0.78755146 0.4309472 0.7937243 0.45697758 0.80246913 0.46782357 0.81893003 0.4671005 0.8266461 0.45986986 0.8333333 0.44107014 0.8292181 0.4041938 0.82304525 0.40130153 0.8194444 0.38973248
0 0.3101852 0.3130875 0.27829218 0.31236443 0.2628601 0.33477947 0.2638889 0.35213304 0.27417696 0.3637021 0.2968107 0.36080983 0.30864197 0.35357916 0.31635803 0.33550254 0.31069958 0.3275488
0 0.55658436 0.0 0.5416667 0.047722343 0.55349797 0.09110629 0.587963 0.112798266 0.61882716 0.09616775 0.6342593 0.047722343 0.622428 0.004338395
0 0.3611111 0.18221258 0.32921812 0.18148951 0.313786 0.20390455 0.3148148 0.22125813 0.3251029 0.23282719 0.34773663 0.22993493 0.3595679 0.22270426 0.36728394 0.20462762 0.36162552 0.1966739
0 0.118312754 0.17859726 0.11368313 0.1923355 0.11779835 0.21619667 0.14403293 0.22125813 0.16460906 0.2646421 0.18106996 0.27548808 0.2037037 0.26608822 0.20627572 0.23861171 0.19187243 0.20462762 0.17541152 0.19088937 0.15123457 0.1923355 0.13065843 0.1691974
