0 0.644375 0.1325 0.635625 0.15916666 0.640625 0.18333334 0.655625 0.2025 0.673125 0.2025 0.684375 0.18083334 0.67625 0.145 0.668125 0.1325
0 0.275 0.5366667 0.26375 0.5425 0.253125 0.5566667 0.25 0.58166665 0.26125 0.605 0.27625 0.61 0.291875 0.60083336 0.3025 0.57916665 0.280625 0.565
0 0.3125 0.5133333 0.29875 0.5208333 0.28875 0.54 0.29 0.5883333 0.300625 0.61333334 0.32375 0.61833334 0.323125 0.5966667 0.34375 0.55833334 0.330625 0.5258333
0 0.69625 0.47166666 0.684375 0.475 0.683125 0.4875 0.6675 0.5108333 0.6775 0.5575 0.685 0.56416667 0.69875 0.56333333 0.71375 0.55 0.73 0.5133333 0.725625 0.49333334 0.71 0.48833334
0 0.30875 0.8566667 0.29625 0.8625 0.29125 0.87 0.288125 0.88416666 0.2925 0.9008333 0.298125 0.9075 0.30875 0.9116667 0.32125 0.9058333 0.32625 0.8983333 0.329375 0.88416666 0.325 0.8675 0.319375 0.86083335
0 0.4775 0.31333333 0.463125 0.325 0.44875 0.32666665 0.430625 0.34666666 0.43 0.35583332 0.469375 0.40833333 0.485625 0.4125 0.498125 0.40166667 0.5025 0.37916666 0.4875 0.325
0 0.7125 0.41666666 0.70375 0.42916667 0.711875 0.48166665 0.7325 0.5025 0.75875 0.49583334 0.774375 0.46666667 0.77 0.43416667 0.736875 0.41166666
0 0.3525 0.085 0.324375 0.0825 0.310625 0.100833334 0.30625 0.13666667 0.323125 0.1575 0.335625 0.12 0.349375 0.111666664 0.36875 0.11
0 0.215 0.52916664 0.1925 0.5391667 0.181875 0.55583334 0.1775 0.57916665 0.185 0.6091667 0.1975 0.62333333 0.215 0.62916666 0.2375 0.6191667 0.248125 0.6025 0.2525 0.57916665 0.245 0.5491667 0.2325 0.535
0 0.02 0.25083333 0.000625 0.25666666 0.000625 0.37 0.02 0.37583333 0.0525 0.35833332 0.066875 0.31333333 0.05375 0.27
0 0.626875 0.7966667 0.618125 0.8308333 0.63 0.8591667 0.6525 0.87083334 0.685 0.8625 0.68875 0.84166664 0.67875 0.8175 0.649375 0.7925
0 0.725625 0.34333333 0.703125 0.35333332 0.6925 0.37 0.688125 0.39333335 0.695625 0.42333335 0.708125 0.4375 0.725625 0.44333333 0.748125 0.43333334 0.75875 0.41666666 0.763125 0.39333335 0.755625 0.36333334 0.743125 0.34916666
0 0.43375 0.23333333 0.420625 0.23916666 0.414375 0.24833333 0.41125 0.26333332 0.415625 0.28083333 0.4225 0.28916666 0.43375 0.29333332 0.446875 0.2875 0.453125 0.27833334 0.45625 0.26333332 0.451875 0.24583334 0.445 0.2375
