0 0.1825 0.22166666 0.155625 0.235 0.14125 0.27666667 0.15125 0.3125 0.1825 0.33166668 0.209375 0.31833333 0.22375 0.27666667 0.21375 0.24083333
0 0.388125 0.30916667 0.3675 0.31833333 0.359375 0.33 0.35375 0.355 0.360625 0.3825 0.369375 0.39333335 0.388125 0.40083334 0.40875 0.39166668 0.416875 0.38 0.4225 0.355 0.415625 0.3275 0.406875 0.31666666
0 0.095625 0.325 0.0875 0.32833335 0.083125 0.33416668 0.080625 0.345 0.083125 0.35583332 0.0875 0.36166668 0.095625 0.365 0.10375 0.36166668 0.108125 0.35583332 0.110625 0.345 0.108125 0.33416668 0.10375 0.32833335
0 0.655625 0.6116667 0.658125 0.64416665 0.676875 0.6666667 0.698125 0.66833335 0.71125 0.6566667 0.719375 0.6383333 0.718125 0.61083335
0 0.36125 0.5441667 0.326875 0.56083333 0.3075 0.61583334 0.32 0.6616667 0.36125 0.6875 0.395625 0.67083335 0.415 0.61583334 0.4025 0.57
0 0.30875 0.26833335 0.30125 0.29583332 0.315 0.33 0.33625 0.34333333 0.365625 0.34083334 0.359375 0.30666667 0.374375 0.27166668 0.338125 0.2525
0 0.2975 0.64666665 0.285 0.655 0.27625 0.6725 0.274375 0.69416666 0.279375 0.71416664 0.3025 0.7325 0.3175 0.73333335 0.335625 0.7241667 0.345 0.69083333 0.339375 0.6675 0.319375 0.64666665
0 0.8975 0.2425 0.883125 0.24916667 0.8775 0.2575 0.87375 0.27416667 0.87875 0.29333332 0.885 0.30083334 0.8975 0.30583334 0.911875 0.29916668 0.9175 0.29083332 0.92125 0.27416667 0.91625 0.255 0.91 0.2475
0 0.16125 0.1925 0.13875 0.2025 0.128125 0.21916667 0.12375 0.2425 0.13125 0.2725 0.14375 0.28666666 0.16125 0.2925 0.18375 0.2825 0.194375 0.26583335 0.19875 0.2425 0.19125 0.2125 0.17875 0.19833334
0 0.46625 0.43916667 0.4225 0.46333334 0.404375 0.52166665 0.4225 0.58 0.46625 0.6041667 0.51 0.58 0.528125 0.52166665 0.51 0.46333334
0 0.735625 0.35833332 0.7175 0.37083334 0.710625 0.40166667 0.71625 0.4225 0.7425 0.44083333 0.76 0.4325 0.7725 0.40166667 0.758125 0.36333334
0 0.318125 0.35833332 0.294375 0.375 0.2875 0.41083333 0.2975 0.435 0.328125 0.4475 0.3525 0.42166665 0.3575 0.39416668 0.345625 0.36333334
0 0.064375 0.2625 0.055625 0.26666668 0.051875 0.2725 0.05 0.28166667 0.053125 0.29333332 0.0575 0.29833335 0.064375 0.30083334 0.073125 0.29666665 0.076875 0.29083332 0.07875 0.28166667 0.075625 0.27 0.07125 0.265
0 0.69625 0.37 0.679375 0.37083334 0.6675 0.38 0.651875 0.41083333 0.655625 0.44166666 0.6825 0.46666667 0.70625 0.4575 0.7225 0.42916667 0.72 0.39416668 0.71 0.3775
0 0.3875 0.083333336 0.3725 0.095 0.364375 0.11416667 0.36 0.15166667 0.373125 0.18166667 0.398125 0.19 0.405 0.18666667 0.390625 0.15916666 0.390625 0.1275 0.39875 0.111666664 0.418125 0.1 0.404375 0.085
0 0.653125 0.7758333 0.630625 0.7866667 0.620625 0.8041667 0.6175 0.8233333 0.625625 0.85333335 0.63875 0.8666667 0.653125 0.87083334 0.675625 0.86 0.685625 0.8425 0.68875 0.8233333 0.680625 0.79333335 0.6675 0.78
0 0.714375 0.50083333 0.675 0.50166667 0.60875 0.61083335 0.61875 0.6475 0.648125 0.66083336 0.67375 0.6433333 0.726875 0.555 0.73 0.525
0 0.37875 0.6325 0.346875 0.6483333 0.33 0.6975 0.341875 0.74 0.37875 0.7625 0.410625 0.74666667 0.4275 0.6975 0.415625 0.655
0 0.25125 0.41333333 0.235 0.42083332 0.2275 0.4325 0.224375 0.44916666 0.23 0.47083333 0.23875 0.48083332 0.25125 0.485 0.2675 0.4775 0.275 0.46583334 0.278125 0.44916666 0.2725 0.4275 0.26375 0.4175
