0 0.519375 0.40083334 0.53125 0.44083333 0.545625 0.43916667 0.554375 0.44666666 0.56375 0.43916667 0.58375 0.44 0.574375 0.40333334 0.578125 0.37833333 0.549375 0.37083334 0.53 0.38333333
0 0.635 0.33166668 0.6225 0.31333333 0.595 0.31583333 0.588125 0.3275 0.584375 0.31916666 0.566875 0.34416667 0.564375 0.3675 0.57625 0.38583332 0.619375 0.37833333 0.6325 0.3625
0 0.741875 0.345 0.716875 0.3575 0.70375 0.39583334 0.713125 0.42916667 0.741875 0.44666666 0.766875 0.43416667 0.78 0.39583334 0.770625 0.3625
0 0.84625 0.10583334 0.80625 0.13083333 0.803125 0.1475 0.8075 0.16083333 0.829375 0.1825 0.861875 0.17833333 0.87125 0.15666667 0.868125 0.12833333
0 0.650625 0.8825 0.63625 0.89 0.629375 0.91083336 0.635 0.93 0.650625 0.93916667 0.665 0.9316667 0.671875 0.91083336 0.66625 0.89166665
0 0.284375 0.6116667 0.25375 0.62666667 0.236875 0.675 0.248125 0.7158333 0.284375 0.73833334 0.315 0.72333336 0.331875 0.675 0.320625 0.63416666
0 0.44375 0.40583333 0.42875 0.4125 0.421875 0.4225 0.418125 0.44 0.423125 0.46 0.430625 0.46916667 0.44375 0.47416666 0.45875 0.4675 0.465625 0.4575 0.469375 0.44 0.464375 0.42 0.456875 0.41083333
0 0.0525 0.6458333 0.026875 0.66583335 0.018125 0.685 0.03125 0.735 0.061875 0.7316667 0.088125 0.715 0.089375 0.6975 0.07875 0.675
0 0.54375 0.66583335 0.52375 0.64666665 0.511875 0.6483333 0.49625 0.66333336 0.49625 0.6791667 0.544375 0.6791667
0 0.42125 0.49916667 0.385625 0.5175 0.368125 0.57 0.381875 0.6175 0.42125 0.6408333 0.456875 0.6225 0.474375 0.57 0.460625 0.5225
0 0.443125 0.123333335 0.411875 0.13833334 0.3975 0.16416667 0.39375 0.18916667 0.405 0.23083334 0.424375 0.25 0.443125 0.255 0.474375 0.24 0.48875 0.21416667 0.4925 0.18916667 0.48125 0.1475 0.461875 0.12833333
0 0.2725 0.845 0.24625 0.8666667 0.243125 0.88666666 0.238125 0.89 0.263125 0.92583334 0.29 0.9141667 0.29875 0.8883333 0.2875 0.85333335
0 0.77125 0.2175 0.75625 0.22416666 0.75 0.23333333 0.74625 0.25083333 0.75125 0.27083334 0.758125 0.27916667 0.77125 0.28416666 0.78625 0.2775 0.7925 0.26833335 0.79625 0.25083333 0.79125 0.23083334 0.784375 0.2225
0 0.48 0.35083333 0.473125 0.35333332 0.468125 0.36 0.46625 0.36916667 0.468125 0.37833333 0.473125 0.385 0.48 0.3875 0.486875 0.385 0.491875 0.37833333 0.49375 0.36916667 0.491875 0.36 0.486875 0.35333332
0 0.820625 0.55583334 0.799375 0.58 0.795 0.6191667 0.814375 0.6675 0.829375 0.6725 0.84375 0.6666667 0.86625 0.6333333 0.86875 0.6091667 0.8525 0.57166666
0 0.916875 0.7733333 0.889375 0.7916667 0.883125 0.82166666 0.884375 0.83666664 0.896875 0.855 0.921875 0.86333334 0.943125 0.8383333 0.944375 0.7925 0.93125 0.7758333
0 0.014375 0.74833333 0.0 0.7525 0.000625 0.855 0.014375 0.85833335 0.04125 0.845 0.0525 0.82416666 0.055625 0.80333334 0.045625 0.7675 0.03 0.7525
0 0.2025 0.62583333 0.185625 0.6333333 0.178125 0.64416665 0.17375 0.6641667 0.179375 0.68666667 0.1875 0.69666666 0.2025 0.7025 0.219375 0.695 0.226875 0.68416667 0.23125 0.6641667 0.225625 0.64166665 0.2175 0.63166666
0 0.551875 0.7158333 0.53 0.72333336 0.503125 0.7625 0.504375 0.79 0.528125 0.81916666 0.563125 0.8066667 0.57625 0.7891667 0.5775 0.74833333
