0 0.799375 0.21583334 0.780625 0.225 0.77 0.255 0.776875 0.28 0.799375 0.29416665 0.818125 0.285 0.82875 0.255 0.821875 0.23
0 0.13375 0.87666667 0.129375 0.9141667 0.13375 0.9275 0.151875 0.94083333 0.175 0.945 0.19375 0.93916667 0.20625 0.9191667 0.20625 0.895 0.18875 0.8616667 0.170625 0.86833334 0.150625 0.8591667
0 0.4225 0.5525 0.405625 0.56083333 0.39625 0.5875 0.4025 0.61 0.4225 0.6225 0.439375 0.6141667 0.44875 0.5875 0.4425 0.565
0 0.81625 0.3925 0.788125 0.37 0.761875 0.39333335 0.74875 0.435 0.7675 0.4475 0.798125 0.44333333 0.818125 0.4175
0 0.38125 0.57916665 0.36 0.5808333 0.340625 0.6041667 0.3375 0.6375 0.35625 0.6625 0.378125 0.66333336 0.39875 0.63916665 0.4 0.6025 0.39375 0.5875
0 0.446875 0.49583334 0.425625 0.4975 0.40625 0.5208333 0.403125 0.5541667 0.421875 0.57916665 0.44375 0.58 0.464375 0.55583334 0.465625 0.51916665 0.459375 0.50416666
0 0.129375 0.69 0.11625 0.69083333 0.095625 0.7216667 0.09875 0.7583333 0.12 0.7775 0.144375 0.76916665 0.15375 0.7558333 0.156875 0.74 0.15375 0.70916665 0.14375 0.6958333
0 0.08375 0.49083334 0.070625 0.49666667 0.064375 0.5058333 0.06125 0.5208333 0.065625 0.53833336 0.0725 0.5466667 0.08375 0.55083334 0.096875 0.545 0.103125 0.53583336 0.10625 0.5208333 0.101875 0.50333333 0.095 0.495
0 0.025 0.8183333 0.01125 0.8233333 0.0 0.84 0.00125 0.87333333 0.01125 0.88666666 0.025 0.89166665 0.043125 0.8825 0.0525 0.855 0.045625 0.8308333
0 0.705625 0.25 0.685 0.26583335 0.675625 0.30833334 0.679375 0.33166668 0.691875 0.3525 0.715625 0.36083335 0.734375 0.34 0.740625 0.30083334 0.73125 0.265
0 0.1475 0.705 0.125625 0.72333336 0.11875 0.7575 0.12875 0.785 0.153125 0.79583335 0.179375 0.775 0.185 0.7425 0.175625 0.71666664 0.165 0.7075
0 0.30375 0.74916667 0.299375 0.7866667 0.30375 0.8 0.321875 0.81333333 0.345 0.8175 0.36375 0.81166667 0.37625 0.7916667 0.37625 0.7675 0.35875 0.7341667 0.340625 0.74083334 0.320625 0.7316667
0 0.714375 0.69416666 0.7 0.7125 0.698125 0.72583336 0.70625 0.7608333 0.72625 0.7733333 0.746875 0.76916665 0.761875 0.745 0.75625 0.7075 0.73625 0.69166666
0 0.766875 0.5966667 0.755625 0.62333333 0.763125 0.6575 0.784375 0.6725 0.805625 0.67 0.815625 0.66 0.82375 0.6333333 0.815625 0.6041667 0.798125 0.59
0 0.313125 0.39916667 0.286875 0.41166666 0.274375 0.43416667 0.27125 0.455 0.280625 0.49 0.2975 0.50666666 0.313125 0.5108333 0.339375 0.49833333 0.351875 0.47583333 0.355 0.455 0.345625 0.42 0.32875 0.40333334
0 0.03375 0.79333335 0.0225 0.79833335 0.016875 0.8075 0.015 0.8183333 0.01875 0.8333333 0.025625 0.8408333 0.03375 0.8433333 0.045 0.8383333 0.050625 0.82916665 0.0525 0.8183333 0.04875 0.80333334 0.041875 0.79583335
0 0.129375 0.44416666 0.116875 0.48416665 0.121875 0.52166665 0.148125 0.5541667 0.161875 0.5416667 0.181875 0.53833336 0.18625 0.50666666 0.175625 0.475 0.1575 0.4525
