0 0.28806585 0.77223426 0.27057612 0.78163415 0.26183128 0.80911064 0.2685185 0.8336949 0.28806585 0.84598696 0.30555555 0.83658713 0.31430042 0.80911064 0.30761316 0.7845264
0 0.77366257 0.25307304 0.7597737 0.2595806 0.7541152 0.2682574 0.7505144 0.285611 0.75514406 0.30513376 0.7613169 0.3130875 0.77366257 0.31814894 0.78755146 0.31164137 0.79320985 0.30296457 0.7968107 0.285611 0.7921811 0.26608822 0.78600824 0.25813448
0 0.32921812 0.59002167 0.3091564 0.59942156 0.30041152 0.6131598 0.29578188 0.63702095 0.30246913 0.66522056 0.3122428 0.67751265 0.32921812 0.6840202 0.34927982 0.6746204 0.3580247 0.6608821 0.36265433 0.63702095 0.35596707 0.6088214 0.3461934 0.5965293
0 0.77366257 0.31597975 0.7644033 0.32031816 0.7597737 0.32827187 0.75823045 0.33767173 0.7613169 0.3506869 0.7669753 0.3571945 0.77366257 0.3593637 0.7829218 0.35502532 0.78755146 0.3470716 0.7890946 0.33767173 0.78600824 0.32465655 0.7803498 0.31814894
0 0.75874484 0.6992046 0.747428 0.7107737 0.74176955 0.72957337 0.7458848 0.757773 0.7597737 0.7736804 0.7849794 0.7780188 0.7942387 0.757773 0.7916667 0.7129429 0.77880657 0.6977585
0 0.3425926 0.2769342 0.32458848 0.28922632 0.31893003 0.31453362 0.3271605 0.3449024 0.3451646 0.35647145 0.36471194 0.3449024 0.37139916 0.33044106 0.37242797 0.31236443 0.36471194 0.2877802
0 0.019032922 0.28344178 0.0 0.2899494 0.0 0.3528561 0.011831276 0.35864064 0.029835392 0.35140997 0.041152265 0.32465655 0.041152265 0.30947217 0.03549383 0.29501083
0 0.67026746 0.060737528 0.6481481 0.07230658 0.6363169 0.10845987 0.64454734 0.1395517 0.67026746 0.15618221 0.6923868 0.14461316 0.7042181 0.10845987 0.69598764 0.07736804
0 0.72993827 0.62255967 0.718107 0.65220535 0.72376543 0.68329716 0.74228394 0.7013738 0.7572017 0.7020969 0.7705761 0.69269705 0.7798354 0.6644975 0.7710905 0.6297903 0.7520576 0.61605203
0 0.08796296 0.32465655 0.07304527 0.33261028 0.06532922 0.35647145 0.07098766 0.37744033 0.08796296 0.38828632 0.10288066 0.38033262 0.11059671 0.35647145 0.10493827 0.33550254
0 0.86882716 0.4439624 0.8564815 0.44974694 0.8451646 0.46637744 0.8410494 0.49530008 0.85288066 0.52422273 0.8734568 0.53217643 0.89506173 0.51048446 0.89917696 0.48083875 0.8899177 0.45408532
