0 0.475625 0.12166667 0.459375 0.12916666 0.451875 0.14083333 0.44875 0.1575 0.454375 0.17916666 0.463125 0.18916667 0.475625 0.19333333 0.491875 0.18583333 0.499375 0.17416666 0.5025 0.1575 0.496875 0.13583334 0.488125 0.12583333
0 0.471875 0.6433333 0.445 0.6575 0.4325 0.6958333 0.443125 0.7316667 0.471875 0.74833333 0.49875 0.7341667 0.51125 0.6958333 0.500625 0.66
0 0.05 0.005 0.0425 0.05 0.053125 0.054166667 0.06 0.0975 0.069375 0.075 0.08625 0.06 0.105625 0.05666667 0.12125 0.064166665 0.115 0.035833333 0.09 0.023333333 0.08 0.0
0 0.61625 0.57 0.59625 0.58 0.585625 0.61083335 0.593125 0.6375 0.61625 0.65166664 0.63625 0.64166665 0.646875 0.61083335 0.639375 0.58416665
0 0.07 0.12666667 0.053125 0.15833333 0.055 0.18 0.059375 0.19 0.088125 0.2 0.1 0.18916667 0.10375 0.1525 0.091875 0.13
0 0.231875 0.0 0.23375 0.030833334 0.245 0.034166668 0.246875 0.041666668 0.263125 0.04 0.280625 0.018333333 0.276875 0.0125 0.281875 0.0075 0.28125 0.00083333335
0 0.885625 0.17833333 0.86375 0.18916667 0.851875 0.22333333 0.86 0.2525 0.885625 0.26833335 0.9075 0.2575 0.919375 0.22333333 0.91125 0.19416666
0 0.011875 0.6125 0.0 0.63916665 0.0 0.6666667 0.008125 0.6725 0.015 0.7158333 0.024375 0.6933333 0.04125 0.67833334 0.060625 0.675 0.073125 0.68333334 0.078125 0.67583334 0.07 0.65416664 0.045 0.64166665 0.034375 0.61583334
0 0.120625 0.3425 0.094375 0.35416666 0.083125 0.37083334 0.076875 0.40083334 0.085625 0.43583333 0.098125 0.45083332 0.120625 0.45916668 0.146875 0.4475 0.158125 0.43083334 0.164375 0.40083334 0.155625 0.36583334 0.143125 0.35083333
0 0.761875 0.675 0.74375 0.68416667 0.734375 0.71166664 0.74125 0.73583335 0.761875 0.74833333 0.78 0.7391667 0.789375 0.71166664 0.7825 0.6875
0 0.418125 0.14833333 0.40125 0.15666667 0.391875 0.18333334 0.398125 0.20583333 0.418125 0.21833333 0.435 0.21 0.444375 0.18333334 0.438125 0.16083333
0 0.914375 0.6616667 0.906875 0.665 0.90375 0.6691667 0.90125 0.6791667 0.90375 0.68916667 0.906875 0.6933333 0.914375 0.69666666 0.921875 0.6933333 0.925 0.68916667 0.9275 0.6791667 0.925 0.6691667 0.921875 0.665
0 0.68625 0.72 0.673125 0.735 0.67625 0.7525 0.668125 0.7775 0.66875 0.7975 0.683125 0.81583333 0.7025 0.81583333 0.7175 0.79583335 0.720625 0.77 0.715 0.7583333 0.716875 0.745 0.701875 0.7216667
0 0.5025 0.58416665 0.48 0.5758333 0.461875 0.58916664 0.46375 0.6025 0.4525 0.62 0.459375 0.655 0.48875 0.655 0.503125 0.6458333 0.510625 0.61583334 0.51 0.5975
0 0.046875 0.39666668 0.04875 0.41583332 0.054375 0.42666668 0.083125 0.43916667 0.095625 0.435 0.111875 0.40833333 0.108125 0.39666668
0 0.33875 0.33166668 0.30125 0.35 0.280625 0.40916666 0.294375 0.45916668 0.33875 0.48666668 0.37625 0.46833333 0.396875 0.40916666 0.383125 0.35916665
