0 0.38425925 0.0 0.3904321 0.047722343 0.41769546 0.07592191 0.4516461 0.07013738 0.47427982 0.029645698 0.47479424 0.0
0 0.5390946 0.25885755 0.52366257 0.2537961 0.5 0.2682574 0.5046296 0.31453362 0.5113169 0.32393348 0.5329218 0.32682574 0.5478395 0.3087491 0.53600824 0.2899494
0 0.057098765 0.9175705 0.04835391 0.9219089 0.044753086 0.9276934 0.042695474 0.9378163 0.04578189 0.95010847 0.04989712 0.9551699 0.057098765 0.9580622 0.06584362 0.9537238 0.06944445 0.9479393 0.07150206 0.9378163 0.068415634 0.92552423 0.06430041 0.9204628
0 0.5149177 0.04266088 0.51080245 0.07736804 0.54320985 0.12653652 0.5720165 0.12436732 0.5828189 0.083875634 0.5622428 0.031814896 0.55452675 0.023138106 0.537037 0.023138106
0 0.5257202 0.27114967 0.48868313 0.2812726 0.47890946 0.30802602 0.48816872 0.34056398 0.4989712 0.3470716 0.5164609 0.3470716 0.53858024 0.32104123 0.5390946 0.2935647
0 0.13220164 0.28850326 0.10390946 0.30296457 0.08796296 0.3506869 0.09825103 0.39045554 0.13220164 0.4128706 0.16049382 0.39840925 0.17644033 0.3506869 0.16615227 0.3109183
0 0.6018519 0.69269705 0.58436215 0.72378886 0.5951646 0.769342 0.61882716 0.78741866 0.6414609 0.7809111 0.6527778 0.7628344 0.6481481 0.7187274 0.625 0.6912509
0 0.9562757 0.15401301 0.94290125 0.16124368 0.93621397 0.18221258 0.94135803 0.2010123 0.9562757 0.21041214 0.9696502 0.20318149 0.97633743 0.18221258 0.97119343 0.16341287
0 0.7376543 0.04266088 0.71141976 0.056399133 0.69753087 0.099060014 0.70730454 0.13593636 0.7376543 0.15545915 0.7638889 0.14172089 0.7777778 0.099060014 0.7680041 0.06218366
0 0.19701646 0.18655097 0.16923869 0.14967462 0.1399177 0.16992046 0.116769545 0.16052061 0.12345679 0.21041214 0.14248972 0.21185827 0.16975309 0.23282719 0.19032922 0.22125813
0 0.6697531 0.32104123 0.67644036 0.3571945 0.69598764 0.37310195 0.73251027 0.3615329 0.74485594 0.3680405 0.7649177 0.3557484 0.7710905 0.31019524 0.7572017 0.29790312 0.74382716 0.3065799 0.71244854 0.2812726 0.69855964 0.28416485 0.69598764 0.3000723 0.68004113 0.30368763
