0 0.658125 0.4375 0.64625 0.44083333 0.645 0.45333335 0.629375 0.47666666 0.639375 0.5233333 0.646875 0.53 0.660625 0.52916664 0.675625 0.5158333 0.691875 0.47916666 0.6875 0.45916668 0.671875 0.45416668
0 0.695 0.11666667 0.68 0.10916667 0.666875 0.12416667 0.648125 0.1325 0.645625 0.1475 0.655625 0.17083333 0.656875 0.18666667 0.66375 0.19083333 0.67 0.17333333 0.684375 0.16166666 0.70625 0.1575 0.704375 0.13083333
0 0.523125 0.11 0.514375 0.14416666 0.52625 0.1725 0.54875 0.18416667 0.58125 0.17583333 0.585 0.155 0.575 0.13083333 0.545625 0.10583334
0 0.43375 0.67333335 0.411875 0.68416667 0.4 0.7183333 0.408125 0.7475 0.43375 0.7633333 0.455625 0.7525 0.4675 0.7183333 0.459375 0.68916667
0 0.2175 0.32916668 0.19875 0.33833334 0.188125 0.36833334 0.195 0.39333335 0.2175 0.4075 0.23625 0.39833334 0.246875 0.36833334 0.24 0.34333333
0 0.18875 0.2725 0.176875 0.275 0.16625 0.2875 0.1625 0.30083334 0.165625 0.32583332 0.18875 0.32583332
0 0.57625 0.76 0.555 0.755 0.533125 0.7733333 0.52625 0.79583335 0.5325 0.8258333 0.5625 0.83166665 0.575 0.8258333 0.5875 0.7975 0.585625 0.7775
0 0.3325 0.35166666 0.333125 0.45 0.359375 0.46416667 0.37 0.43583333 0.3625 0.38333333 0.35125 0.3625
0 0.151875 0.1425 0.138125 0.15 0.128125 0.16916667 0.129375 0.2175 0.14 0.2425 0.163125 0.2475 0.1625 0.22583333 0.183125 0.1875 0.17 0.155
0 0.885625 0.62333333 0.853125 0.6408333 0.83875 0.68583333 0.851875 0.7291667 0.885625 0.74833333 0.918125 0.73083335 0.9325 0.68583333 0.919375 0.6425
0 0.361875 0.0375 0.325 0.04083333 0.294375 0.08833333 0.293125 0.16166666 0.334375 0.1675 0.3575 0.15083334 0.369375 0.11666667 0.345625 0.08916666 0.343125 0.061666667
0 0.81125 0.66583335 0.80125 0.6933333 0.80875 0.7225 0.8475 0.7391667 0.86875 0.7291667 0.870625 0.69916666 0.85625 0.6725 0.83125 0.6558333
0 0.744375 0.61083335 0.74125 0.6225 0.743125 0.63666666 0.750625 0.6483333 0.763125 0.6558333 0.785625 0.655 0.799375 0.6358333 0.8 0.62416667 0.794375 0.6075 0.778125 0.5966667 0.759375 0.5975
0 0.295 0.69916666 0.28625 0.705 0.273125 0.73 0.271875 0.755 0.290625 0.7925 0.311875 0.8025 0.325 0.7891667 0.326875 0.725 0.313125 0.70416665
0 0.87375 0.22583333 0.848125 0.23416667 0.838125 0.25166667 0.84125 0.28 0.86125 0.29583332 0.865 0.305 0.898125 0.28833333 0.891875 0.2725 0.89 0.24166666
0 0.165625 0.5733333 0.1525 0.57916665 0.146875 0.5875 0.14375 0.6025 0.148125 0.62 0.154375 0.6275 0.165625 0.63166666 0.17875 0.62583333 0.184375 0.6175 0.1875 0.6025 0.183125 0.585 0.176875 0.5775
