0 0.185625 0.425 0.161875 0.43666667 0.14875 0.47416666 0.1575 0.5058333 0.185625 0.5233333 0.209375 0.51166666 0.2225 0.47416666 0.21375 0.4425
0 0.48375 0.28166667 0.474375 0.28583333 0.469375 0.29333332 0.4675 0.30333334 0.470625 0.31583333 0.47625 0.3225 0.48375 0.325 0.493125 0.32083333 0.498125 0.31333333 0.5 0.30333334 0.496875 0.29083332 0.49125 0.28416666
0 0.935625 0.58166665 0.920625 0.5883333 0.914375 0.5975 0.910625 0.615 0.915625 0.635 0.9225 0.6433333 0.935625 0.6483333 0.950625 0.64166665 0.956875 0.6325 0.960625 0.615 0.955625 0.595 0.94875 0.58666664
0 0.053125 0.6016667 0.038125 0.60833335 0.031875 0.6175 0.028125 0.635 0.033125 0.655 0.04 0.66333336 0.053125 0.66833335 0.068125 0.6616667 0.074375 0.6525 0.078125 0.635 0.073125 0.615 0.06625 0.6066667
0 0.534375 0.07833333 0.5125 0.08916666 0.500625 0.123333335 0.50875 0.1525 0.534375 0.16833334 0.55625 0.1575 0.568125 0.123333335 0.56 0.094166666
0 0.149375 0.5966667 0.12875 0.62166667 0.1275 0.6533333 0.134375 0.6666667 0.166875 0.68 0.1875 0.6641667 0.1925 0.62916666 0.17875 0.60083336
0 0.93125 0.28166667 0.906875 0.28 0.88625 0.30666667 0.89 0.345 0.910625 0.36583334 0.934375 0.36 0.949375 0.33583334 0.9475 0.3025
0 0.3475 0.7175 0.33625 0.73083335 0.33125 0.75083333 0.334375 0.7733333 0.343125 0.7875 0.37625 0.8016667 0.39625 0.79083335 0.408125 0.7558333 0.399375 0.7291667 0.37375 0.71166664
0 0.56125 0.19333333 0.53875 0.20333333 0.528125 0.22 0.52375 0.24333334 0.53125 0.27333334 0.54375 0.2875 0.56125 0.29333332 0.58375 0.28333333 0.594375 0.26666668 0.59875 0.24333334 0.59125 0.21333334 0.57875 0.19916667
0 0.896875 0.6925 0.871875 0.7058333 0.860625 0.74083334 0.870625 0.77416664 0.896875 0.7891667 0.921875 0.7758333 0.933125 0.74083334 0.923125 0.7075
0 0.27875 0.45 0.261875 0.4575 0.255 0.4675 0.250625 0.4875 0.25625 0.51 0.26375 0.51916665 0.27875 0.525 0.295625 0.5175 0.3025 0.5075 0.306875 0.4875 0.30125 0.465 0.29375 0.45583335
0 0.8625 0.84833336 0.848125 0.85583335 0.84125 0.87666667 0.846875 0.8958333 0.8625 0.905 0.876875 0.8975 0.88375 0.87666667 0.878125 0.8575
0 0.5375 0.525 0.518125 0.54583335 0.51625 0.5883333 0.53 0.6116667 0.55875 0.62083334 0.568125 0.61583334 0.568125 0.53
0 0.49 0.49083334 0.46625 0.5025 0.453125 0.54 0.461875 0.57166666 0.49 0.58916664 0.51375 0.5775 0.526875 0.54 0.518125 0.5083333
0 0.5875 0.785 0.5725 0.7916667 0.565625 0.8016667 0.561875 0.81916666 0.566875 0.83916664 0.574375 0.84833336 0.5875 0.85333335 0.6025 0.8466667 0.609375 0.83666664 0.613125 0.81916666 0.608125 0.7991667 0.600625 0.79
0 0.65125 0.5075 0.638125 0.5133333 0.631875 0.5225 0.62875 0.5375 0.633125 0.555 0.64 0.56333333 0.65125 0.5675 0.664375 0.56166667 0.670625 0.5525 0.67375 0.5375 0.669375 0.52 0.6625 0.51166666
