0 0.394375 0.050833333 0.390625 0.07666667 0.40125 0.104166664 0.421875 0.115833335 0.449375 0.11 0.45125 0.08083333 0.428125 0.035833333 0.416875 0.04916667
0 0.086875 0.66083336 0.056875 0.67583334 0.04125 0.7216667 0.0525 0.76166666 0.086875 0.7825 0.116875 0.7675 0.1325 0.7216667 0.12125 0.6816667
0 0.750625 0.058333334 0.72375 0.071666665 0.709375 0.11333334 0.719375 0.14916667 0.750625 0.16833334 0.7775 0.155 0.791875 0.11333334 0.781875 0.0775
0 0.6425 0.775 0.6275 0.7816667 0.620625 0.7916667 0.616875 0.80916667 0.621875 0.82916665 0.629375 0.8383333 0.6425 0.8433333 0.6575 0.83666664 0.664375 0.82666665 0.668125 0.80916667 0.663125 0.7891667 0.655625 0.78
0 0.15125 0.29416665 0.12625 0.30666667 0.113125 0.345 0.1225 0.37833333 0.15125 0.39583334 0.17625 0.38333333 0.189375 0.345 0.18 0.31166667
0 0.87625 0.47166666 0.841875 0.48833334 0.8225 0.54333335 0.835 0.58916664 0.87625 0.615 0.910625 0.59833336 0.93 0.54333335 0.9175 0.4975
0 0.070625 0.21916667 0.045625 0.23916666 0.041875 0.2625 0.05375 0.28583333 0.075625 0.29666665 0.100625 0.285 0.109375 0.27 0.105625 0.2375 0.098125 0.2275
0 0.019375 0.39833334 0.009375 0.41333333 0.006875 0.43333334 0.02 0.46583334 0.045625 0.47666666 0.07625 0.45916668 0.081875 0.42666668 0.074375 0.405 0.04625 0.38916665
0 0.891875 0.44416666 0.870625 0.43583333 0.8525 0.44166666 0.845625 0.47166666 0.830625 0.48166665 0.83625 0.50916666 0.855625 0.51916665 0.884375 0.50083333 0.89625 0.47083333 0.896875 0.45333335
0 0.888125 0.12166667 0.879375 0.12583333 0.875625 0.13166666 0.87375 0.14083333 0.876875 0.1525 0.88125 0.1575 0.888125 0.16 0.896875 0.15583333 0.900625 0.15 0.9025 0.14083333 0.899375 0.12916666 0.895 0.12416667
0 0.350625 0.77666664 0.33125 0.805 0.333125 0.835 0.353125 0.8616667 0.376875 0.8616667 0.39625 0.83416665 0.39375 0.80083334 0.37625 0.7775
0 0.14375 0.47083333 0.11875 0.47833332 0.109375 0.49083334 0.10375 0.51166666 0.1075 0.5375 0.116875 0.55083334 0.13125 0.55833334 0.14875 0.555 0.16625 0.5258333 0.164375 0.4925
