0 0.5125 0.54083335 0.5 0.5466667 0.495 0.5541667 0.491875 0.5683333 0.49625 0.585 0.501875 0.59166664 0.5125 0.59583336 0.525 0.59 0.53 0.5825 0.533125 0.5683333 0.52875 0.5516667 0.523125 0.545
0 0.57125 0.15166667 0.550625 0.16166666 0.54125 0.17833333 0.53875 0.195 0.54625 0.2225 0.55875 0.235 0.57125 0.23833333 0.591875 0.22833334 0.60125 0.21166667 0.60375 0.195 0.59625 0.1675 0.58375 0.155
0 0.905 0.44333333 0.893125 0.46583334 0.9 0.49 0.919375 0.5083333 0.934375 0.5108333 0.945 0.505 0.95125 0.49416667 0.953125 0.475 0.94375 0.45333335 0.924375 0.43833333
0 0.6875 0.7775 0.66625 0.75333333 0.645625 0.7575 0.626875 0.7816667 0.619375 0.8025 0.62 0.81583333 0.631875 0.82 0.63625 0.81333333 0.650625 0.81166667 0.67125 0.8225 0.68625 0.80333334
0 0.1325 0.6983333 0.1075 0.7108333 0.094375 0.74916667 0.10375 0.7825 0.1325 0.8 0.1575 0.7875 0.170625 0.74916667 0.16125 0.7158333
0 0.585 0.26416665 0.57375 0.26916668 0.568125 0.27833334 0.56625 0.28916666 0.57 0.30416667 0.576875 0.31166667 0.585 0.31416667 0.59625 0.30916667 0.601875 0.3 0.60375 0.28916666 0.6 0.27416667 0.593125 0.26666668
0 0.453125 0.18916667 0.419375 0.20666666 0.403125 0.25583333 0.41625 0.30083334 0.453125 0.3225 0.486875 0.305 0.503125 0.25583333 0.49 0.21083333
0 0.44875 0.34333333 0.42875 0.3525 0.420625 0.36416668 0.415625 0.3875 0.4225 0.41416666 0.43125 0.425 0.44875 0.43166667 0.46875 0.4225 0.476875 0.41083333 0.481875 0.3875 0.475 0.36083335 0.46625 0.35
0 0.3625 0.43333334 0.350625 0.45666668 0.35375 0.47416666 0.3625 0.48583335 0.375625 0.49333334 0.389375 0.4925 0.405625 0.47666666 0.409375 0.45416668 0.400625 0.4375 0.375625 0.42833334
0 0.138125 0.30833334 0.11875 0.32 0.11125 0.3375 0.110625 0.35333332 0.120625 0.38 0.133125 0.39166668 0.14625 0.39416668 0.1625 0.385 0.17 0.36916667 0.17125 0.35 0.1575 0.31583333
0 0.665625 0.27333334 0.64875 0.2825 0.639375 0.30416667 0.640625 0.32 0.648125 0.33333334 0.66875 0.3425 0.688125 0.33083335 0.69375 0.32 0.695625 0.30166668 0.685 0.28
0 0.458125 0.033333335 0.436875 0.044166666 0.42625 0.075833336 0.434375 0.104166664 0.458125 0.11833333 0.479375 0.1075 0.49 0.075833336 0.481875 0.0475
0 0.615625 0.62666667 0.626875 0.64 0.679375 0.64 0.686875 0.6141667 0.680625 0.6 0.6675 0.6091667 0.649375 0.6116667 0.631875 0.5908333 0.623125 0.6
0 0.536875 0.81 0.52 0.8225 0.51375 0.835 0.510625 0.8675 0.53875 0.8875 0.56375 0.8808333 0.576875 0.8541667 0.57375 0.8283333 0.55625 0.8125
0 0.8425 0.3075 0.81375 0.3225 0.8 0.36416668 0.81125 0.4025 0.8425 0.42083332 0.87125 0.40583333 0.885 0.36416668 0.87375 0.32583332
0 0.236875 0.7825 0.203125 0.81416667 0.223125 0.85083336 0.24625 0.85833335 0.26625 0.8425 0.27125 0.80916667 0.25875 0.78833336
