0 0.15380658 0.5524223 0.13837449 0.5596529 0.13220164 0.56905276 0.12808642 0.58857554 0.13323045 0.6102675 0.1399177 0.61894435 0.15380658 0.62472886 0.16923869 0.6174982 0.17541152 0.6080983 0.17952675 0.58857554 0.17438272 0.56688356 0.16769548 0.5582068
0 0.43209878 0.3991323 0.4192387 0.40057844 0.40997943 0.40853217 0.39711934 0.4352856 0.40329218 0.45336226 0.4192387 0.46854663 0.43930042 0.46276212 0.4526749 0.44034708 0.4531893 0.42371655 0.44907406 0.41142443
0 0.3945473 0.6131598 0.38683128 0.61677516 0.38271606 0.62328273 0.38117284 0.6319595 0.38374487 0.6428055 0.38837448 0.64859 0.3945473 0.6507592 0.40226337 0.6471439 0.4063786 0.6406363 0.40792182 0.6319595 0.4053498 0.62111354 0.40072018 0.61532897
0 0.9048354 0.41793203 0.89660496 0.42154735 0.89248973 0.4273319 0.8899177 0.43890095 0.89248973 0.45047 0.89660496 0.4562545 0.9048354 0.45986986 0.91306585 0.4562545 0.9171811 0.45047 0.9197531 0.43890095 0.9171811 0.4273319 0.91306585 0.42154735
0 0.311214 0.8438178 0.30144033 0.8647867 0.30606997 0.8937093 0.32201645 0.90817064 0.34053499 0.9045553 0.34876543 0.8915401 0.35030866 0.8756327 0.33590534 0.8626175 0.33539096 0.8416486 0.32201645 0.8387563
0 0.12037037 0.8503254 0.113168724 0.85972524 0.110082306 0.8734635 0.11368313 0.9023861 0.1244856 0.9219089 0.14557613 0.9248012 0.15277778 0.912509 0.14711934 0.8734635 0.13734567 0.8539407 0.13065843 0.8488793
0 0.46347737 0.0014461316 0.4675926 0.029645698 0.4830247 0.04266088 0.5015432 0.03398409 0.5113169 0.011569053 0.5113169 0.0
0 0.29012346 0.69052786 0.27314815 0.7020969 0.2649177 0.7230658 0.2669753 0.74548084 0.27314815 0.75488067 0.28189301 0.7599422 0.29012346 0.7599422
0 0.8981481 0.114244394 0.88065845 0.12870571 0.8729424 0.15690528 0.8816872 0.17498192 0.9032922 0.18365872 0.9192387 0.16847433 0.9233539 0.14099783 0.91512346 0.12075199
0 0.8271605 0.2219812 0.8153292 0.24367318 0.81995887 0.27187273 0.83641976 0.28416485 0.8544239 0.28199565 0.8636831 0.274765 0.87191355 0.25234997 0.8595679 0.24150398 0.85493827 0.22559653 0.8441358 0.2176428
0 0.52880657 0.681851 0.5252058 0.725235 0.5308642 0.7541576 0.54320985 0.769342 0.55864197 0.77006507 0.57150203 0.75343454 0.5694444 0.7339118 0.5529835 0.69703543
0 0.8518519 0.09327549 0.837963 0.109906 0.83436215 0.14244397 0.84876543 0.1583514 0.8652263 0.15979753 0.88065845 0.14244397 0.88374484 0.11930586 0.87397116 0.099060014
