0 0.644375 0.12916666 0.620625 0.14083333 0.6075 0.17833333 0.61625 0.21 0.644375 0.2275 0.668125 0.21583334 0.68125 0.17833333 0.6725 0.14666666
0 0.74875 0.64416665 0.719375 0.65833336 0.70625 0.6816667 0.7025 0.7058333 0.713125 0.745 0.730625 0.7625 0.74875 0.7675 0.778125 0.75333333 0.79125 0.73 0.795 0.7058333 0.784375 0.6666667 0.766875 0.64916664
0 0.6175 0.205 0.603125 0.21083333 0.586875 0.22916667 0.586875 0.25833333 0.6 0.28583333 0.62375 0.29333332 0.64 0.28666666 0.654375 0.24416667 0.64125 0.21333334
0 0.891875 0.15166667 0.871875 0.16166666 0.86125 0.1925 0.86875 0.21916667 0.891875 0.23333333 0.911875 0.22333333 0.9225 0.1925 0.915 0.16583334
0 0.455625 0.7925 0.42875 0.80583334 0.414375 0.8475 0.424375 0.8833333 0.455625 0.9025 0.4825 0.88916665 0.496875 0.8475 0.486875 0.81166667
0 0.33125 0.34666666 0.311875 0.36333334 0.30625 0.39333335 0.32125 0.42583334 0.341875 0.435 0.356875 0.42833334 0.365 0.41666666 0.368125 0.385 0.355 0.35583332
0 0.0 0.8308333 0.0 0.9008333 0.024375 0.885 0.04125 0.88916665 0.04625 0.885 0.050625 0.85833335 0.04125 0.8383333 0.023125 0.8275
0 0.84375 0.565 0.83125 0.5708333 0.82625 0.5783333 0.823125 0.5925 0.8275 0.6091667 0.833125 0.61583334 0.84375 0.62 0.85625 0.6141667 0.86125 0.6066667 0.864375 0.5925 0.86 0.5758333 0.854375 0.56916666
0 0.61 0.59166664 0.593125 0.5991667 0.585625 0.61 0.58125 0.63 0.586875 0.6525 0.595 0.6625 0.61 0.66833335 0.626875 0.66083336 0.634375 0.65 0.63875 0.63 0.633125 0.6075 0.625 0.5975
0 0.16 0.5275 0.145 0.5341667 0.13875 0.54333335 0.135 0.56083333 0.14 0.5808333 0.146875 0.58916664 0.16 0.5941667 0.175 0.5875 0.18125 0.5783333 0.185 0.56083333 0.18 0.54083335 0.173125 0.5325
0 0.385 0.30416667 0.385 0.315 0.394375 0.32666665 0.396875 0.34 0.42125 0.36083335 0.434375 0.3625 0.4475 0.355 0.455625 0.3375 0.44125 0.30083334 0.4175 0.28666666 0.4025 0.28916666
0 0.5775 0.6191667 0.5625 0.62583333 0.555625 0.6358333 0.551875 0.6533333 0.556875 0.67333335 0.564375 0.6825 0.5775 0.6875 0.5925 0.68083334 0.599375 0.67083335 0.603125 0.6533333 0.598125 0.6333333 0.590625 0.62416667
0 0.750625 0.49083334 0.725625 0.50333333 0.7125 0.5416667 0.721875 0.575 0.750625 0.5925 0.775625 0.58 0.78875 0.5416667 0.779375 0.5083333
0 0.685 0.0275 0.65875 0.019166667 0.6425 0.025833333 0.631875 0.04916667 0.643125 0.08166666 0.65875 0.093333334 0.675 0.085 0.69375 0.058333334 0.695 0.04083333
0 0.8275 0.665 0.8025 0.665 0.78125 0.695 0.78375 0.7316667 0.8 0.7525 0.81125 0.7525 0.82875 0.74083334 0.84375 0.715 0.843125 0.68833333
0 0.219375 0.34416667 0.2 0.34333333 0.178125 0.3675 0.17125 0.4025 0.18125 0.42083332 0.20875 0.42166665 0.226875 0.39916667 0.2325 0.36416668
0 0.088125 0.40916666 0.0625 0.415 0.05 0.42666668 0.0425 0.445 0.045 0.47666666 0.0675 0.50333333 0.089375 0.5025 0.105625 0.48166665 0.105625 0.42833334
0 0.3325 0.075 0.3075 0.08833333 0.29625 0.123333335 0.30625 0.15666667 0.3325 0.17166667 0.3575 0.15833333 0.36875 0.123333335 0.35875 0.09
0 0.458125 0.7366667 0.44625 0.7275 0.39625 0.73083335 0.35875 0.7941667 0.360625 0.81666666 0.39125 0.8441667 0.435 0.82666665 0.458125 0.7966667
