0 0.00625 0.8475 0.003125 0.86333334 0.005 0.885 0.015625 0.89916664 0.02875 0.9058333 0.02875 0.8466667
0 0.036875 0.92333335 0.03 0.92583334 0.025 0.9325 0.023125 0.94166666 0.025 0.9508333 0.03 0.9575 0.036875 0.96 0.04375 0.9575 0.04875 0.9508333 0.050625 0.94166666 0.04875 0.9325 0.04375 0.92583334
0 0.351875 0.4175 0.33375 0.42666668 0.324375 0.45416668 0.33125 0.47833332 0.351875 0.49083334 0.37 0.48166665 0.379375 0.45416668 0.3725 0.43
0 0.526875 0.15083334 0.494375 0.1675 0.48875 0.20083334 0.491875 0.21083333 0.529375 0.2325 0.540625 0.22 0.545 0.20083334
0 0.145625 0.29333332 0.12 0.30583334 0.105625 0.34666666 0.115 0.38083333 0.145625 0.4 0.17125 0.3875 0.185625 0.34666666 0.17625 0.3125
0 0.50125 0.48333332 0.486875 0.49 0.48125 0.49833333 0.4775 0.515 0.4825 0.5341667 0.48875 0.5416667 0.50125 0.5466667 0.515625 0.54 0.52125 0.5316667 0.525 0.515 0.52 0.49583334 0.51375 0.48833334
0 0.885625 0.34 0.85875 0.35333332 0.844375 0.395 0.854375 0.43083334 0.885625 0.45 0.9125 0.43666667 0.926875 0.395 0.916875 0.35916665
0 0.075 0.6025 0.055625 0.6041667 0.035625 0.625 0.035625 0.66833335 0.068125 0.63666666 0.07375 0.6225
0 0.081875 0.8066667 0.053125 0.82166666 0.039375 0.86333334 0.050625 0.90166664 0.081875 0.92 0.110625 0.905 0.124375 0.86333334 0.113125 0.825
0 0.353125 0.16583334 0.33375 0.18166667 0.32875 0.21666667 0.339375 0.24083333 0.361875 0.24833333 0.380625 0.23333333 0.385625 0.2025 0.3725 0.1725
0 0.1575 0.0475 0.128125 0.061666667 0.115 0.085 0.11125 0.10916667 0.121875 0.14833333 0.139375 0.16583334 0.1575 0.17083333 0.186875 0.15666667 0.2 0.13333334 0.20375 0.10916667 0.193125 0.07 0.175625 0.0525
0 0.135625 0.75666666 0.114375 0.75166667 0.0925 0.77 0.085625 0.7925 0.091875 0.8225 0.121875 0.8283333 0.134375 0.8225 0.146875 0.7941667 0.145 0.77416664
0 0.325625 0.7733333 0.31125 0.7808333 0.304375 0.8016667 0.31 0.8208333 0.325625 0.83 0.34 0.8225 0.346875 0.8016667 0.34125 0.7825
0 0.6825 0.40333334 0.669375 0.42333335 0.669375 0.46333334 0.679375 0.48 0.70625 0.4875 0.70375 0.4675 0.71875 0.42583334 0.695625 0.40333334
