0 0.22839506 0.4779465 0.21193415 0.49457702 0.20884773 0.5191612 0.218107 0.5430224 0.2345679 0.5502531 0.25360084 0.5328995 0.25771606 0.5112075 0.24794239 0.48734635
0 0.5478395 0.059291396 0.53806585 0.049168475 0.5159465 0.05350687 0.5041152 0.06796818 0.50308645 0.0867679 0.5133745 0.096890815 0.53858024 0.09399855 0.5483539 0.07736804
0 0.055041153 0.8315257 0.043209877 0.8373102 0.038580246 0.84454083 0.03549383 0.8590022 0.039609052 0.8756327 0.044753086 0.8821403 0.055041153 0.88647866 0.066872425 0.88069415 0.07150206 0.8734635 0.07458848 0.8590022 0.070473254 0.84237164 0.06532922 0.83586407
0 0.040123455 0.4902386 0.027777778 0.4989154 0.020576132 0.51265365 0.017489713 0.5394071 0.028806584 0.5639913 0.04578189 0.56905276 0.056584362 0.56326824 0.06584362 0.54953 0.06944445 0.52060735 0.059156377 0.49746928
0 0.9007202 0.22921185 0.8868313 0.24005784 0.8816872 0.25090384 0.8791152 0.2791034 0.9022634 0.29645696 0.9228395 0.29067245 0.93364197 0.26753435 0.93106997 0.2451193 0.9166667 0.23138106
0 0.059670784 0.58640635 0.039609052 0.5965293 0.030349795 0.61388284 0.027777778 0.63123643 0.034979425 0.659436 0.047325104 0.6724512 0.059670784 0.6760665 0.07973251 0.6659436 0.08899177 0.64859 0.09156378 0.63123643 0.08436214 0.6030369 0.07201646 0.59002167
0 0.78549385 0.0 0.7757202 0.03109183 0.781893 0.057122197 0.80144036 0.07375271 0.82510287 0.06579899 0.83693415 0.038322486 0.8312757 0.0050614607 0.8276749 0.0
0 0.46141976 0.538684 0.44495884 0.5466378 0.4382716 0.55676067 0.4341564 0.5770065 0.4398148 0.6001446 0.44701645 0.60954446 0.46141976 0.61532897 0.47788066 0.60737526 0.4845679 0.59725237 0.48868313 0.5770065 0.4830247 0.5538684 0.47582304 0.5444685
0 0.63117284 0.43600866 0.60339504 0.45119306 0.5900206 0.49385393 0.60082304 0.5328995 0.63117284 0.5516992 0.6589506 0.5365148 0.6723251 0.49385393 0.6615226 0.45480838
0 0.46604937 0.6999277 0.45781893 0.71800435 0.47427982 0.76211137 0.49022633 0.77223426 0.5046296 0.7657267 0.5133745 0.7404194 0.50308645 0.703543 0.4979424 0.6977585 0.48919752 0.703543
