0 0.155 0.18166667 0.129375 0.185 0.115625 0.20583333 0.121875 0.25166667 0.138125 0.26583335 0.161875 0.26416665 0.171875 0.23916666 0.17375 0.22
0 0.0575 0.41166666 0.04 0.44333333 0.046875 0.46333334 0.06875 0.48583335 0.089375 0.4825 0.10375 0.45916668 0.095625 0.4175 0.07625 0.4075
0 0.64375 0.63666666 0.626875 0.64916664 0.62125 0.68416667 0.631875 0.715 0.658125 0.7216667 0.676875 0.70166665 0.681875 0.67083335 0.666875 0.63666666
0 0.165625 0.70916665 0.160625 0.7325 0.164375 0.74833333 0.1775 0.7366667 0.194375 0.7341667 0.220625 0.75333333 0.22375 0.75 0.223125 0.69666666 0.214375 0.68916667 0.189375 0.685
0 0.820625 0.09 0.795 0.093333334 0.78125 0.11416667 0.7875 0.16 0.80375 0.17416666 0.8275 0.1725 0.8375 0.1475 0.839375 0.12833333
0 0.0 0.4925 0.0 0.56 0.033125 0.56 0.035625 0.5225 0.025 0.50416666
0 0.784375 0.4375 0.749375 0.45416668 0.734375 0.47916666 0.72875 0.51166666 0.74125 0.55833334 0.76 0.5783333 0.784375 0.5858333 0.819375 0.56916666 0.834375 0.5441667 0.84 0.51166666 0.8275 0.465 0.80875 0.445
0 0.1025 0.86333334 0.06875 0.8208333 0.033125 0.8441667 0.005 0.8333333 0.013125 0.8908333 0.03625 0.8925 0.069375 0.9166667 0.094375 0.9033333
0 0.660625 0.6691667 0.625 0.68666667 0.605625 0.7425 0.61875 0.79 0.660625 0.81583333 0.69625 0.79833335 0.715625 0.7425 0.7025 0.695
0 0.369375 0.40583333 0.33 0.42583334 0.31 0.485 0.325 0.5375 0.369375 0.56416667 0.40875 0.5441667 0.42875 0.485 0.41375 0.4325
0 0.78375 0.2025 0.74125 0.19083333 0.706875 0.22416666 0.705 0.26166666 0.726875 0.28833333 0.78375 0.2675 0.790625 0.23916666
0 0.149375 0.38666666 0.120625 0.40083334 0.105 0.44583333 0.115625 0.48416665 0.149375 0.505 0.178125 0.49083334 0.19375 0.44583333 0.183125 0.4075
0 0.498125 0.1975 0.476875 0.2075 0.46625 0.22583333 0.464375 0.29666665 0.49 0.33833334 0.5125 0.35083333 0.533125 0.335 0.54125 0.30583334 0.526875 0.26416665 0.525625 0.2175 0.511875 0.19916667
0 0.055 0.64166665 0.01875 0.65 0.0 0.66583335 0.000625 0.715 0.028125 0.7391667 0.043125 0.7341667 0.06625 0.69 0.0675 0.66333336
0 0.559375 0.23 0.53875 0.23916666 0.530625 0.25083333 0.525 0.27583334 0.531875 0.30333334 0.540625 0.31416667 0.559375 0.32166666 0.58 0.3125 0.588125 0.30083334 0.59375 0.27583334 0.586875 0.24833333 0.578125 0.2375
0 0.1925 0.25416666 0.16625 0.27916667 0.17625 0.34 0.185625 0.35 0.209375 0.35083333 0.2225 0.34333333 0.229375 0.30833334 0.218125 0.28166667 0.22 0.27416667
