0 0.330625 0.5466667 0.31 0.5733333 0.308125 0.5925 0.31375 0.59833336 0.315625 0.6125 0.329375 0.62666667 0.3475 0.62666667 0.35875 0.61 0.361875 0.57916665 0.349375 0.555
0 0.4125 0.8566667 0.399375 0.86333334 0.3925 0.8833333 0.3975 0.9008333 0.4125 0.91 0.425625 0.9033333 0.4325 0.8833333 0.4275 0.86583334
0 0.741875 0.030833334 0.733125 0.0425 0.72875 0.07833333 0.7475 0.108333334 0.76625 0.1125 0.779375 0.09166667 0.775625 0.059166666 0.7575 0.030833334
0 0.4775 0.7658333 0.443125 0.7733333 0.434375 0.81333333 0.440625 0.8358333 0.44875 0.8441667 0.471875 0.8425 0.48375 0.835 0.490625 0.8175 0.49375 0.7916667
0 0.464375 0.83666664 0.44 0.8475 0.429375 0.86333334 0.42375 0.8908333 0.431875 0.92333335 0.44375 0.9375 0.464375 0.945 0.48875 0.93416667 0.499375 0.91833335 0.505 0.8908333 0.496875 0.85833335 0.485 0.8441667
0 0.305 0.45833334 0.305 0.48333332 0.299375 0.49333334 0.306875 0.50666666 0.30375 0.51166666 0.319375 0.5341667 0.34375 0.5325 0.356875 0.50083333 0.34625 0.48083332 0.3425 0.4575
0 0.64625 0.096666664 0.633125 0.11416667 0.631875 0.14166667 0.64625 0.16166666 0.664375 0.165 0.68125 0.14416666 0.678125 0.13833334 0.68 0.12583333 0.67375 0.11833333 0.6725 0.1025 0.665625 0.104166664 0.659375 0.094166666
0 0.286875 0.56 0.285 0.575 0.29625 0.5991667 0.3125 0.5966667 0.331875 0.6041667 0.34375 0.595 0.353125 0.56 0.335625 0.5416667 0.320625 0.54333335 0.31625 0.53833336 0.301875 0.54333335
0 0.78375 0.42666668 0.7625 0.46083334 0.76 0.47416666 0.789375 0.5175 0.805625 0.5225 0.82625 0.50666666 0.831875 0.4775 0.823125 0.465 0.82125 0.4475
0 0.775 0.2025 0.755 0.235 0.7525 0.25166667 0.7675 0.285 0.79 0.29916668 0.81375 0.28166667 0.816875 0.22 0.796875 0.2025
0 0.208125 0.05 0.1875 0.06 0.178125 0.07666667 0.175625 0.093333334 0.183125 0.12083333 0.195625 0.13333334 0.208125 0.13666667 0.22875 0.12666667 0.238125 0.11 0.240625 0.093333334 0.233125 0.06583333 0.220625 0.053333335
0 0.028125 0.029166667 0.0325 0.04083333 0.085 0.04083333 0.09125 0.035833333 0.090625 0.0075 0.085 0.0 0.040625 0.0
0 0.463125 0.29583332 0.44875 0.30333334 0.441875 0.32416666 0.4475 0.34333333 0.463125 0.3525 0.4775 0.345 0.484375 0.32416666 0.47875 0.305
