0 0.764375 0.67083335 0.749375 0.6775 0.743125 0.68666667 0.739375 0.70416665 0.744375 0.7241667 0.75125 0.7325 0.764375 0.7375 0.779375 0.73083335 0.785625 0.7216667 0.789375 0.70416665 0.784375 0.68416667 0.7775 0.67583334
0 0.864375 0.4525 0.841875 0.44 0.8075 0.46 0.795 0.49833333 0.803125 0.525 0.834375 0.5366667 0.851875 0.5258333 0.87125 0.49083334 0.871875 0.47083333
0 0.910625 0.28083333 0.898125 0.28666666 0.893125 0.29416665 0.89 0.30833334 0.894375 0.325 0.9 0.33166668 0.910625 0.33583334 0.923125 0.33 0.928125 0.3225 0.93125 0.30833334 0.926875 0.29166666 0.92125 0.285
0 0.1025 0.64416665 0.090625 0.6075 0.083125 0.59833336 0.066875 0.595 0.034375 0.625 0.02625 0.6566667 0.049375 0.6775 0.070625 0.68083334 0.090625 0.6666667
0 0.296875 0.5975 0.268125 0.62083334 0.263125 0.6475 0.278125 0.6816667 0.30375 0.7008333 0.325625 0.685 0.335 0.65833336 0.33 0.62083334
0 0.375 0.041666668 0.356875 0.050833333 0.3475 0.07833333 0.354375 0.1025 0.375 0.115 0.393125 0.10583334 0.4025 0.07833333 0.395625 0.054166667
0 0.68875 0.50166667 0.67125 0.5133333 0.661875 0.5491667 0.675625 0.58 0.69375 0.5858333 0.71625 0.5708333 0.725 0.5341667 0.711875 0.5083333
0 0.378125 0.37 0.366875 0.39333335 0.368125 0.42166665 0.37375 0.43416667 0.3925 0.45 0.418125 0.44166666 0.42875 0.41583332 0.425 0.38916665 0.4025 0.3675
0 0.35875 0.17666666 0.32625 0.1925 0.308125 0.24416667 0.32 0.2875 0.35875 0.31166667 0.39125 0.29583332 0.409375 0.24416667 0.3975 0.20083334
0 0.73 0.0016666667 0.7175 0.029166667 0.728125 0.064166665 0.7575 0.0775 0.775 0.07 0.78625 0.04083333 0.7775 0.0025
0 0.31375 0.1725 0.308125 0.20083334 0.32 0.225 0.3425 0.2325 0.360625 0.22583333 0.36625 0.21666667 0.3725 0.185 0.36375 0.17166667 0.344375 0.16 0.329375 0.15833333
0 0.30125 0.30833334 0.2775 0.32 0.264375 0.3575 0.273125 0.38916665 0.30125 0.40666667 0.325 0.395 0.338125 0.3575 0.329375 0.32583332
