0 0.51125 0.6766667 0.490625 0.69666666 0.486875 0.71166664 0.489375 0.73083335 0.51 0.75666666 0.534375 0.75333333 0.5475 0.7341667 0.5475 0.70166665 0.543125 0.68833333 0.533125 0.6791667
0 0.743125 0.19416666 0.719375 0.20583333 0.70625 0.24333334 0.715 0.275 0.743125 0.2925 0.766875 0.28083333 0.78 0.24333334 0.77125 0.21166667
0 0.415 0.49 0.388125 0.4825 0.36 0.50166667 0.340625 0.49916667 0.325 0.5133333 0.3175 0.545 0.3475 0.59 0.40625 0.5683333 0.42875 0.5325
0 0.45875 0.18583333 0.449375 0.19 0.444375 0.1975 0.4425 0.2075 0.445625 0.22 0.45125 0.22666667 0.45875 0.22916667 0.468125 0.225 0.473125 0.2175 0.475 0.2075 0.471875 0.195 0.46625 0.18833333
0 0.358125 0.61083335 0.334375 0.64416665 0.335 0.6741667 0.34375 0.69 0.37 0.6925 0.385 0.6766667 0.390625 0.6508333 0.375625 0.62
0 0.32625 0.36 0.3 0.385 0.31 0.44583333 0.319375 0.45583335 0.343125 0.45666668 0.35625 0.44916666 0.363125 0.41416666 0.351875 0.3875 0.35375 0.38
0 0.27125 0.6375 0.250625 0.6475 0.24125 0.6641667 0.23875 0.68083334 0.24625 0.7083333 0.25875 0.72083336 0.27125 0.7241667 0.291875 0.71416664 0.30125 0.6975 0.30375 0.68083334 0.29625 0.6533333 0.28375 0.6408333
0 0.19875 0.6741667 0.184375 0.6816667 0.1775 0.7025 0.183125 0.7216667 0.19875 0.73083335 0.213125 0.72333336 0.22 0.7025 0.214375 0.68333334
0 0.744375 0.285 0.7225 0.29583332 0.710625 0.33 0.71875 0.35916665 0.744375 0.375 0.76625 0.36416668 0.778125 0.33 0.77 0.30083334
0 0.23875 0.0025 0.228125 0.06583333 0.25375 0.11666667 0.29875 0.12833333 0.336875 0.094166666 0.346875 0.05 0.333125 0.0
0 0.340625 0.8358333 0.325625 0.8433333 0.3175 0.8666667 0.323125 0.88666666 0.340625 0.8975 0.355625 0.89 0.36375 0.8666667 0.358125 0.8466667
0 0.73 0.79 0.711875 0.7991667 0.7025 0.82666665 0.709375 0.85083336 0.73 0.86333334 0.748125 0.8541667 0.7575 0.82666665 0.750625 0.8025
0 0.923125 0.54833335 0.908125 0.555 0.901875 0.56416667 0.898125 0.58166665 0.903125 0.6016667 0.91 0.61 0.923125 0.615 0.938125 0.60833335 0.944375 0.5991667 0.948125 0.58166665 0.943125 0.56166667 0.93625 0.55333334
