0 0.575 0.17583333 0.555625 0.1875 0.548125 0.205 0.5475 0.22083333 0.5575 0.2475 0.57 0.25916666 0.583125 0.26166666 0.599375 0.2525 0.606875 0.23666666 0.608125 0.2175 0.594375 0.18333334
0 0.10125 0.1775 0.081875 0.19583334 0.076875 0.225 0.0925 0.25666666 0.115 0.26333332 0.12875 0.2525 0.114375 0.22416666 0.136875 0.2025 0.124375 0.1825
0 0.461875 0.43333334 0.44625 0.45 0.4425 0.475 0.44875 0.49666667 0.455 0.50333333 0.476875 0.50916666 0.495625 0.49166667 0.496875 0.45833334 0.485 0.4375
0 0.05 0.57916665 0.025 0.59166664 0.011875 0.63 0.02125 0.66333336 0.05 0.68083334 0.075 0.66833335 0.088125 0.63 0.07875 0.5966667
0 0.900625 0.8516667 0.88125 0.85583335 0.871875 0.86583334 0.865 0.885 0.869375 0.9125 0.88375 0.92833334 0.90875 0.9241667 0.921875 0.9008333 0.92 0.875
0 0.6725 0.77666664 0.65125 0.7875 0.640625 0.81916666 0.64875 0.8475 0.6725 0.8616667 0.69375 0.85083336 0.704375 0.81916666 0.69625 0.79083335
0 0.339375 0.0016666667 0.34625 0.033333335 0.35875 0.050833333 0.38375 0.051666666 0.39875 0.0325 0.376875 0.015833333 0.368125 0.0
0 0.485 0.33 0.46625 0.33833334 0.45875 0.34916666 0.45375 0.37166667 0.46 0.39666668 0.468125 0.40666667 0.485 0.41333333 0.50375 0.405 0.51125 0.39416668 0.51625 0.37166667 0.51 0.34666666 0.501875 0.33666667
0 0.239375 0.5316667 0.2275 0.5541667 0.234375 0.5783333 0.25375 0.5966667 0.26875 0.5991667 0.279375 0.5933333 0.285625 0.5825 0.2875 0.56333333 0.278125 0.5416667 0.25875 0.52666664
0 0.414375 0.2025 0.3975 0.21 0.39 0.22083333 0.385625 0.24083333 0.39125 0.26333332 0.399375 0.27333334 0.414375 0.27916667 0.43125 0.27166668 0.43875 0.26083332 0.443125 0.24083333 0.4375 0.21833333 0.429375 0.20833333
0 0.79875 0.655 0.77 0.67 0.75625 0.71166664 0.7675 0.75 0.79875 0.7683333 0.8275 0.75333333 0.84125 0.71166664 0.83 0.67333335
0 0.234375 0.54583335 0.211875 0.5541667 0.2025 0.5733333 0.201875 0.5908333 0.2075 0.6091667 0.225 0.6275 0.245 0.625 0.255 0.61083335 0.258125 0.57416666 0.253125 0.56166667
0 0.88875 0.27583334 0.8675 0.2825 0.854375 0.305 0.8575 0.33416668 0.873125 0.35 0.89375 0.3475 0.906875 0.33416668 0.91 0.32333332 0.906875 0.2925
0 0.276875 0.5941667 0.261875 0.60083336 0.255 0.61083335 0.25125 0.62833333 0.25625 0.6483333 0.26375 0.6575 0.276875 0.6625 0.291875 0.6558333 0.29875 0.6458333 0.3025 0.62833333 0.2975 0.60833335 0.29 0.5991667
0 0.8125 0.63166666 0.785625 0.6458333 0.773125 0.68416667 0.78375 0.72 0.8125 0.7366667 0.839375 0.7225 0.851875 0.68416667 0.84125 0.6483333
0 0.39 0.8591667 0.37125 0.86833334 0.361875 0.8908333 0.36625 0.925 0.38375 0.94083333 0.4025 0.93333334 0.415625 0.9058333 0.409375 0.87333333
0 0.733125 0.35166666 0.723125 0.35583332 0.718125 0.3625 0.715 0.37583333 0.718125 0.38916665 0.723125 0.39583334 0.733125 0.4 0.743125 0.39583334 0.748125 0.38916665 0.75125 0.37583333 0.748125 0.3625 0.743125 0.35583332
