0 0.3875 0.65 0.36875 0.6591667 0.358125 0.68916667 0.365 0.71416664 0.3875 0.72833335 0.40625 0.7191667 0.416875 0.68916667 0.41 0.6641667
0 0.353125 0.79583335 0.365 0.815 0.38875 0.81416667 0.40375 0.80083334 0.419375 0.75416666 0.351875 0.75416666 0.348125 0.7633333
0 0.574375 0.028333334 0.545 0.008333334 0.52125 0.013333334 0.4975 0.036666665 0.4925 0.06916667 0.51 0.093333334 0.56125 0.090833336 0.574375 0.07
0 0.099375 0.76166666 0.0825 0.76916665 0.075 0.78 0.070625 0.8 0.07625 0.8225 0.084375 0.8325 0.099375 0.8383333 0.11625 0.8308333 0.12375 0.82 0.128125 0.8 0.1225 0.7775 0.114375 0.7675
0 0.725625 0.66833335 0.705 0.6775 0.696875 0.68916667 0.69125 0.71416664 0.698125 0.7416667 0.706875 0.7525 0.725625 0.76 0.74625 0.75083333 0.754375 0.7391667 0.76 0.71416664 0.753125 0.68666667 0.744375 0.67583334
0 0.5875 0.3075 0.564375 0.30583334 0.54 0.3275 0.535 0.36916667 0.53875 0.39 0.5525 0.40666667 0.58125 0.40666667 0.606875 0.3825 0.613125 0.3575 0.610625 0.33416668
0 0.256875 0.005 0.219375 0.024166666 0.200625 0.08 0.215 0.13 0.256875 0.155 0.294375 0.13583334 0.313125 0.08 0.29875 0.03
0 0.125625 0.54333335 0.079375 0.5675 0.0575 0.63416666 0.075625 0.6958333 0.125625 0.725 0.171875 0.7008333 0.19375 0.63416666 0.175625 0.5725
0 0.230625 0.41166666 0.21625 0.41833332 0.210625 0.42666668 0.206875 0.44333333 0.211875 0.4625 0.218125 0.47 0.230625 0.475 0.245 0.46833333 0.250625 0.46 0.254375 0.44333333 0.249375 0.42416668 0.243125 0.41666666
0 0.338125 0.69 0.33375 0.72333336 0.360625 0.75416666 0.39625 0.7633333 0.4225 0.7341667 0.424375 0.7108333 0.41875 0.69
0 0.520625 0.77416664 0.493125 0.7875 0.48125 0.80833334 0.4775 0.83166665 0.4875 0.86833334 0.503125 0.88416666 0.520625 0.88916665 0.548125 0.87583333 0.56 0.855 0.56375 0.83166665 0.55375 0.795 0.538125 0.77916664
0 0.300625 0.6141667 0.30375 0.65833336 0.29875 0.6816667 0.319375 0.70666665 0.3625 0.70416665 0.39125 0.6825 0.338125 0.6091667 0.31625 0.6025
0 0.38875 0.18416667 0.365 0.16916667 0.34375 0.17 0.331875 0.17916666 0.311875 0.21166667 0.308125 0.24833333 0.31625 0.25833333 0.3425 0.26333332 0.36875 0.2525 0.3875 0.22333333
0 0.718125 0.119166665 0.701875 0.14416666 0.701875 0.17166667 0.709375 0.19166666 0.734375 0.2175 0.76125 0.2125 0.77875 0.17833333 0.77375 0.14333333 0.750625 0.11833333
0 0.166875 0.12416667 0.149375 0.13833334 0.13125 0.18166667 0.155625 0.2125 0.178125 0.21666667 0.198125 0.20166667 0.21125 0.16666667 0.20875 0.14666666 0.19 0.1275
0 0.09125 0.28416666 0.038125 0.27 0.000625 0.3 0.0 0.33333334 0.025 0.335 0.065 0.32083333 0.090625 0.29416665
0 0.654375 0.40583333 0.63375 0.41583332 0.624375 0.4325 0.621875 0.44916666 0.629375 0.47666666 0.641875 0.48916668 0.654375 0.4925 0.675 0.4825 0.684375 0.46583334 0.686875 0.44916666 0.679375 0.42166665 0.666875 0.40916666
