0 0.885 0.67583334 0.871875 0.71 0.8725 0.75083333 0.889375 0.775 0.91125 0.7775 0.92625 0.75416666 0.9225 0.695 0.901875 0.6766667
0 0.405 0.079166666 0.396875 0.0825 0.3925 0.08833333 0.39 0.09916667 0.3925 0.11 0.396875 0.115833335 0.405 0.119166665 0.413125 0.115833335 0.4175 0.11 0.42 0.09916667 0.4175 0.08833333 0.413125 0.0825
0 0.48 0.9075 0.47125 0.9116667 0.4675 0.9175 0.465625 0.9266667 0.46875 0.93833333 0.473125 0.9433333 0.48 0.9458333 0.48875 0.94166666 0.4925 0.93583333 0.494375 0.9266667 0.49125 0.915 0.486875 0.91
0 0.461875 0.41333333 0.4525 0.4175 0.44625 0.43416667 0.449375 0.44666666 0.461875 0.455 0.47125 0.45083332 0.4775 0.43416667 0.474375 0.42166665
0 0.185 0.3325 0.17125 0.32166666 0.151875 0.32333332 0.124375 0.34833333 0.119375 0.3675 0.121875 0.38333333 0.1425 0.4025 0.16 0.40166667 0.170625 0.39416668 0.186875 0.37083334 0.189375 0.35083333
0 0.205 0.08416667 0.196875 0.104166664 0.19625 0.13083333 0.2025 0.14666666 0.215625 0.15166667 0.2325 0.135 0.2425 0.10166667 0.213125 0.095
0 0.4325 0.5058333 0.423125 0.5375 0.426875 0.5441667 0.439375 0.54 0.45375 0.5425 0.461875 0.5525 0.465 0.56583333 0.471875 0.55333334 0.47375 0.5391667 0.4625 0.5058333
0 0.230625 0.8983333 0.219375 0.9033333 0.21375 0.9116667 0.21125 0.9241667 0.215 0.93916667 0.22125 0.94666666 0.230625 0.95 0.241875 0.945 0.2475 0.93666667 0.25 0.9241667 0.24625 0.9091667 0.24 0.90166664
0 0.593125 0.4075 0.58 0.41416666 0.573125 0.43416667 0.578125 0.45166665 0.593125 0.46083334 0.60625 0.45416668 0.613125 0.43416667 0.608125 0.41666666
0 0.559375 0.27 0.548125 0.275 0.5425 0.28416666 0.540625 0.295 0.544375 0.31 0.55125 0.3175 0.559375 0.32 0.570625 0.315 0.57625 0.30583334 0.578125 0.295 0.574375 0.28 0.5675 0.2725
0 0.619375 0.40916666 0.593125 0.44083333 0.5925 0.45833334 0.61375 0.48 0.63375 0.48166665 0.64875 0.46333334 0.653125 0.44083333 0.641875 0.41833332
0 0.115625 0.7525 0.095 0.75416666 0.08125 0.7733333 0.078125 0.8041667 0.091875 0.8258333 0.109375 0.8275 0.12625 0.80833334 0.130625 0.77416664
0 0.094375 0.43083334 0.089375 0.4475 0.09875 0.4725 0.130625 0.49083334 0.15 0.48083332 0.154375 0.4525 0.143125 0.42666668 0.115 0.415
0 0.025 0.29 0.000625 0.29666665 0.000625 0.36666667 0.02 0.36833334 0.024375 0.36083335 0.021875 0.3175 0.02875 0.3
0 0.80125 0.82 0.784375 0.8283333 0.775 0.855 0.78125 0.8775 0.80125 0.89 0.818125 0.88166666 0.8275 0.855 0.82125 0.8325
0 0.749375 0.5366667 0.725 0.54833335 0.71375 0.5683333 0.710625 0.5883333 0.719375 0.62083334 0.734375 0.6358333 0.749375 0.64 0.77375 0.62833333 0.785 0.60833335 0.788125 0.5883333 0.779375 0.55583334 0.764375 0.54083335
0 0.904375 0.068333335 0.883125 0.079166666 0.8725 0.11083333 0.880625 0.13916667 0.904375 0.15333334 0.925625 0.1425 0.93625 0.11083333 0.928125 0.0825
0 0.876875 0.49916667 0.850625 0.51166666 0.838125 0.5341667 0.835 0.555 0.844375 0.59 0.86125 0.6066667 0.876875 0.61083335 0.903125 0.59833336 0.915625 0.5758333 0.91875 0.555 0.909375 0.52 0.8925 0.50333333
0 0.51 0.00083333335 0.5175 0.0425 0.54375 0.064166665 0.575 0.054166667 0.59125 0.019166667 0.590625 0.0
