0 0.17375 0.35 0.14875 0.36333334 0.1375 0.39833334 0.1475 0.43166667 0.17375 0.44666666 0.19875 0.43333334 0.21 0.39833334 0.2 0.365
0 0.2625 0.4075 0.24125 0.4275 0.236875 0.46333334 0.241875 0.4775 0.25625 0.49166667 0.279375 0.49333334 0.300625 0.4675 0.300625 0.43833333 0.285 0.4125
0 0.64875 0.7583333 0.630625 0.7675 0.62125 0.795 0.628125 0.81916666 0.64875 0.83166665 0.666875 0.8225 0.67625 0.795 0.669375 0.7708333
0 0.074375 0.7725 0.05625 0.7808333 0.048125 0.79333335 0.044375 0.8125 0.050625 0.83666664 0.06 0.8475 0.074375 0.8525 0.0925 0.8441667 0.100625 0.83166665 0.104375 0.8125 0.098125 0.78833336 0.08875 0.7775
0 0.314375 0.225 0.29375 0.25 0.293125 0.285 0.31 0.31 0.325 0.31583333 0.34 0.3125 0.355625 0.29333332 0.360625 0.2725 0.358125 0.25166667 0.341875 0.22833334
0 0.670625 0.019166667 0.65375 0.026666667 0.646875 0.036666665 0.6425 0.05666667 0.648125 0.079166666 0.655625 0.08833333 0.670625 0.094166666 0.6875 0.086666666 0.694375 0.07666667 0.69875 0.05666667 0.693125 0.034166668 0.685625 0.025
0 0.91375 0.6766667 0.90125 0.6825 0.89625 0.69 0.893125 0.70416665 0.8975 0.72083336 0.903125 0.7275 0.91375 0.7316667 0.92625 0.72583336 0.93125 0.7183333 0.934375 0.70416665 0.93 0.6875 0.924375 0.68083334
0 0.8575 0.37 0.84125 0.37833333 0.833125 0.4025 0.839375 0.42416668 0.8575 0.435 0.87375 0.42666668 0.881875 0.4025 0.875625 0.38083333
0 0.145 0.0016666667 0.1325 0.0075 0.1275 0.015 0.124375 0.029166667 0.12875 0.045833334 0.134375 0.0525 0.145 0.05666667 0.1575 0.050833333 0.1625 0.043333333 0.165625 0.029166667 0.16125 0.0125 0.155625 0.0058333334
0 0.040625 0.42916667 0.023125 0.42916667 0.000625 0.44833332 0.00375 0.5075 0.02625 0.51666665 0.051875 0.5 0.06 0.48 0.060625 0.4625 0.05375 0.44083333
0 0.070625 0.29083332 0.051875 0.3 0.04125 0.33 0.048125 0.355 0.070625 0.36916667 0.089375 0.36 0.1 0.33 0.093125 0.305
0 0.8125 0.6766667 0.798125 0.68416667 0.79125 0.705 0.796875 0.7241667 0.8125 0.73333335 0.826875 0.72583336 0.83375 0.705 0.828125 0.68583333
0 0.33375 0.7575 0.305625 0.735 0.279375 0.7583333 0.26625 0.8 0.285 0.8125 0.315625 0.80833334 0.335625 0.7825
0 0.123125 0.8408333 0.105 0.82666665 0.083125 0.8325 0.066875 0.84833336 0.055625 0.875 0.06125 0.9058333 0.084375 0.9225 0.1175 0.9075 0.12875 0.87916666
