0 0.183125 0.2775 0.158125 0.29 0.145 0.32833335 0.154375 0.36166668 0.183125 0.37916666 0.208125 0.36666667 0.22125 0.32833335 0.211875 0.295
0 0.743125 0.7216667 0.72 0.745 0.72 0.77916664 0.738125 0.8066667 0.76125 0.80833334 0.780625 0.7891667 0.785 0.7608333 0.768125 0.7266667
0 0.85 0.8208333 0.833125 0.8283333 0.825625 0.83916664 0.82125 0.8591667 0.826875 0.88166666 0.835 0.89166665 0.85 0.8975 0.866875 0.89 0.874375 0.87916666 0.87875 0.8591667 0.873125 0.83666664 0.865 0.82666665
0 0.511875 0.91083336 0.504375 0.9141667 0.50125 0.91833335 0.49875 0.92833334 0.50125 0.93833333 0.504375 0.9425 0.511875 0.9458333 0.519375 0.9425 0.5225 0.93833333 0.525 0.92833334 0.5225 0.91833335 0.519375 0.9141667
0 0.6425 0.93 0.633125 0.93416667 0.626875 0.9508333 0.63 0.9633333 0.6425 0.9716667 0.651875 0.9675 0.658125 0.9508333 0.655 0.93833333
0 0.021875 0.23416667 0.039375 0.26583335 0.079375 0.26166666 0.11625 0.22666667 0.12 0.20583333 0.1025 0.175 0.075 0.17833333 0.05 0.16833334 0.034375 0.1825 0.035 0.20916666
0 0.12875 0.2 0.104375 0.21166667 0.093125 0.23166667 0.09 0.25166667 0.09875 0.28416666 0.11375 0.29916668 0.12875 0.30333334 0.153125 0.29166666 0.164375 0.27166668 0.1675 0.25166667 0.15875 0.21916667 0.14375 0.20416667
0 0.790625 0.13 0.785 0.15833333 0.796875 0.1825 0.819375 0.19 0.8375 0.18333334 0.843125 0.17416666 0.849375 0.1425 0.840625 0.12916666 0.82125 0.1175 0.80625 0.115833335
0 0.70375 0.87666667 0.686875 0.8958333 0.681875 0.9225 0.69375 0.94083333 0.724375 0.94666666 0.738125 0.9316667 0.743125 0.91583335 0.741875 0.89666665 0.734375 0.88166666 0.7225 0.87416667
0 0.401875 0.43583333 0.38375 0.445 0.374375 0.4725 0.38125 0.49666667 0.401875 0.50916666 0.42 0.5 0.429375 0.4725 0.4225 0.44833332
0 0.750625 0.3875 0.734375 0.37666667 0.7 0.38666666 0.69 0.41333333 0.69125 0.43333334 0.69875 0.45 0.72125 0.46166667 0.75 0.45083332 0.759375 0.425 0.75875 0.40583333
0 0.10625 0.44583333 0.075625 0.46083334 0.05875 0.50916666 0.07 0.55 0.10625 0.5725 0.136875 0.5575 0.15375 0.50916666 0.1425 0.46833333
0 0.7525 0.14833333 0.72625 0.16083333 0.71375 0.18333334 0.710625 0.20416667 0.72 0.23916666 0.736875 0.25583333 0.7525 0.26 0.77875 0.2475 0.79125 0.225 0.794375 0.20416667 0.785 0.16916667 0.768125 0.1525
0 0.595625 0.5366667 0.571875 0.555 0.563125 0.57416666 0.563125 0.58916664 0.5775 0.61833334 0.605625 0.62666667 0.625 0.6125 0.63125 0.57916665 0.618125 0.54583335
0 0.4375 0.75916666 0.440625 0.8025 0.459375 0.82416666 0.493125 0.82666665 0.513125 0.80583334 0.513125 0.7708333 0.50125 0.75416666 0.47 0.745 0.44875 0.74916667
0 0.015 0.635 0.000625 0.6408333 0.000625 0.7008333 0.015 0.70666665 0.03125 0.69916666 0.03875 0.6875 0.041875 0.67083335 0.03625 0.64916664 0.0275 0.63916665
0 0.70625 0.72583336 0.69 0.715 0.655625 0.725 0.645625 0.75166667 0.646875 0.77166665 0.654375 0.78833336 0.676875 0.8 0.705625 0.7891667 0.715 0.7633333 0.714375 0.7441667
