0 0.5 0.0 0.48625 0.031666666 0.491875 0.0575 0.508125 0.068333335 0.529375 0.060833335 0.53875 0.075833336 0.550625 0.079166666 0.550625 0.0025 0.53375 0.015 0.51625 0.0
0 0.615625 0.035833333 0.604375 0.041666668 0.59875 0.058333334 0.603125 0.07333333 0.615625 0.08083333 0.626875 0.075 0.6325 0.058333334 0.628125 0.043333333
0 0.836875 0.0 0.811875 0.026666667 0.808125 0.071666665 0.828125 0.105 0.861875 0.11 0.886875 0.083333336 0.890625 0.038333334 0.870625 0.005
0 0.60375 0.108333334 0.585 0.11666667 0.5775 0.1275 0.5725 0.15 0.57875 0.175 0.586875 0.185 0.60375 0.19166666 0.6225 0.18333334 0.63 0.1725 0.635 0.15 0.62875 0.125 0.620625 0.115
0 0.435 0.45333335 0.41 0.46666667 0.39875 0.50166667 0.40875 0.535 0.435 0.55 0.46 0.5366667 0.47125 0.50166667 0.46125 0.46833333
0 0.151875 0.48666668 0.14125 0.4875 0.141875 0.57416666 0.15 0.5725 0.159375 0.5625 0.1675 0.5375 0.164375 0.50416666
0 0.265625 0.6116667 0.2525 0.6175 0.24625 0.62666667 0.243125 0.64166665 0.2475 0.6591667 0.254375 0.6675 0.265625 0.6716667 0.27875 0.66583335 0.285 0.6566667 0.288125 0.64166665 0.28375 0.62416667 0.276875 0.61583334
0 0.545625 0.09583333 0.546875 0.1225 0.566875 0.1425 0.595625 0.14083333 0.6075 0.12916666 0.6125 0.11333334 0.60375 0.085 0.595625 0.10166667 0.578125 0.10916667 0.556875 0.1 0.550625 0.08416667
0 0.718125 0.20083334 0.689375 0.21583334 0.675625 0.2575 0.686875 0.29583332 0.718125 0.31416667 0.746875 0.29916668 0.760625 0.2575 0.749375 0.21916667
0 0.9375 0.19416666 0.924375 0.2 0.91875 0.20833333 0.915625 0.22333333 0.92 0.24083333 0.92625 0.24833333 0.9375 0.2525 0.950625 0.24666667 0.95625 0.23833333 0.959375 0.22333333 0.955 0.20583333 0.94875 0.19833334
0 0.36125 0.6383333 0.34875 0.6591667 0.350625 0.68416667 0.364375 0.705 0.385 0.71416664 0.391875 0.69416666 0.4075 0.68583333 0.404375 0.67 0.395 0.64916664
0 0.285625 0.705 0.273125 0.7266667 0.27625 0.75666666 0.288125 0.7783333 0.30125 0.7866667 0.311875 0.7841667 0.325 0.765 0.325625 0.7341667 0.31 0.7075
