0 0.1575 0.86083335 0.13875 0.8691667 0.13125 0.88 0.12625 0.9025 0.1325 0.9275 0.140625 0.9375 0.1575 0.94416666 0.17625 0.93583333 0.18375 0.925 0.18875 0.9025 0.1825 0.8775 0.174375 0.8675
0 0.6525 0.56666666 0.63375 0.575 0.62625 0.5858333 0.62125 0.60833335 0.6275 0.6333333 0.635625 0.6433333 0.6525 0.65 0.67125 0.64166665 0.67875 0.6308333 0.68375 0.60833335 0.6775 0.5833333 0.669375 0.5733333
0 0.310625 0.43666667 0.301875 0.44083333 0.298125 0.44666666 0.29625 0.45583335 0.299375 0.4675 0.30375 0.4725 0.310625 0.475 0.319375 0.47083333 0.323125 0.465 0.325 0.45583335 0.321875 0.44416666 0.3175 0.43916667
0 0.3625 0.021666666 0.373125 0.038333334 0.39125 0.044166666 0.41375 0.029166667 0.4225 0.0 0.36 0.0
0 0.0 0.76416665 0.0 0.8958333 0.009375 0.8975 0.041875 0.88166666 0.055 0.8591667 0.06 0.83 0.048125 0.7866667 0.03125 0.76916665
0 0.95375 0.76666665 0.940625 0.7725 0.935 0.7808333 0.931875 0.79583335 0.93625 0.81333333 0.9425 0.8208333 0.95375 0.825 0.966875 0.81916666 0.9725 0.81083333 0.975625 0.79583335 0.97125 0.7783333 0.965 0.7708333
0 0.8825 0.195 0.871875 0.2 0.8675 0.20666666 0.865 0.21833333 0.86875 0.2325 0.87375 0.23833333 0.8825 0.24166666 0.893125 0.23666666 0.8975 0.23 0.9 0.21833333 0.89625 0.20416667 0.89125 0.19833334
0 0.828125 0.27333334 0.808125 0.31583333 0.813125 0.33416668 0.834375 0.33833334 0.855 0.36 0.870625 0.35333332 0.889375 0.33083335 0.8925 0.30916667 0.870625 0.2775 0.856875 0.2675
0 0.296875 0.22833334 0.275 0.23916666 0.263125 0.27333334 0.27125 0.3025 0.296875 0.31833333 0.31875 0.3075 0.330625 0.27333334 0.3225 0.24416667
0 0.239375 0.004166667 0.245625 0.04 0.266875 0.0575 0.29375 0.04916667 0.306875 0.020833334 0.305625 0.0
0 0.31875 0.7658333 0.293125 0.7783333 0.27875 0.81916666 0.288125 0.85333335 0.31875 0.8725 0.344375 0.86 0.35875 0.81916666 0.349375 0.785
0 0.50375 0.48166665 0.48875 0.48833334 0.4825 0.4975 0.47875 0.515 0.48375 0.535 0.490625 0.54333335 0.50375 0.54833335 0.51875 0.5416667 0.525 0.5325 0.52875 0.515 0.52375 0.495 0.516875 0.48666668
0 0.6225 0.44 0.598125 0.45083332 0.5875 0.46666667 0.581875 0.49416667 0.59 0.52666664 0.601875 0.54083335 0.6225 0.54833335 0.646875 0.5375 0.6575 0.52166665 0.663125 0.49416667 0.655 0.46166667 0.643125 0.4475
0 0.006875 0.108333334 0.0 0.11 0.0 0.16333333 0.006875 0.165 0.02125 0.1575 0.028125 0.13666667 0.0225 0.1175
0 0.5425 0.64916664 0.529375 0.6558333 0.5225 0.67583334 0.5275 0.6933333 0.5425 0.7025 0.555625 0.6958333 0.5625 0.67583334 0.5575 0.65833336
0 0.7075 0.645 0.695625 0.60833335 0.688125 0.5991667 0.671875 0.59583336 0.639375 0.62583333 0.63125 0.6575 0.654375 0.67833334 0.675625 0.6816667 0.695625 0.6675
