0 0.906875 0.42333335 0.888125 0.43166667 0.880625 0.4425 0.875625 0.465 0.881875 0.49 0.89 0.5 0.906875 0.50666666 0.925625 0.49833333 0.933125 0.4875 0.938125 0.465 0.931875 0.44 0.92375 0.43
0 0.66875 0.665 0.6525 0.68083334 0.65 0.715 0.65625 0.75 0.66625 0.7633333 0.675625 0.7658333 0.695625 0.74666667 0.6825 0.7316667 0.6775 0.7125 0.676875 0.6875 0.6875 0.6725
0 0.046875 0.00083333335 0.06 0.045833334 0.078125 0.0625 0.096875 0.0675 0.130625 0.05 0.143125 0.025833333 0.146875 0.00083333335
0 0.500625 0.7558333 0.468125 0.7733333 0.45375 0.8183333 0.466875 0.8616667 0.500625 0.8808333 0.533125 0.86333334 0.5475 0.8183333 0.534375 0.775
0 0.3075 0.4975 0.27875 0.51166666 0.263125 0.5566667 0.27375 0.595 0.3075 0.61583334 0.33625 0.6016667 0.351875 0.5566667 0.34125 0.5183333
0 0.82 0.2775 0.805 0.285 0.796875 0.30833334 0.8025 0.32833335 0.82 0.33916667 0.835 0.33166668 0.843125 0.30833334 0.8375 0.28833333
0 0.485 0.2175 0.468125 0.22583333 0.45875 0.2525 0.465 0.275 0.485 0.2875 0.501875 0.27916667 0.51125 0.2525 0.505 0.23
0 0.741875 0.2775 0.726875 0.28416666 0.72 0.29416665 0.71625 0.31166667 0.72125 0.33166668 0.72875 0.34083334 0.741875 0.34583333 0.756875 0.33916667 0.76375 0.32916668 0.7675 0.31166667 0.7625 0.29166666 0.755 0.2825
0 0.33125 0.85 0.3125 0.85833335 0.305 0.8691667 0.3 0.89166665 0.30625 0.9166667 0.314375 0.9266667 0.33125 0.93333334 0.35 0.925 0.3575 0.9141667 0.3625 0.89166665 0.35625 0.8666667 0.348125 0.8566667
0 0.730625 0.76666665 0.72125 0.7708333 0.715 0.7875 0.718125 0.8 0.730625 0.80833334 0.74 0.8041667 0.74625 0.7875 0.743125 0.775
0 0.698125 0.0425 0.665625 0.058333334 0.6475 0.11 0.659375 0.15333334 0.698125 0.1775 0.730625 0.16166666 0.74875 0.11 0.736875 0.06666667
0 0.36875 0.80333334 0.350625 0.8125 0.34125 0.84 0.348125 0.8641667 0.36875 0.87666667 0.386875 0.8675 0.39625 0.84 0.389375 0.81583333
0 0.4775 0.62833333 0.460625 0.6275 0.4475 0.6358333 0.435625 0.6566667 0.43125 0.6875 0.46375 0.705 0.496875 0.6875 0.5025 0.6716667 0.500625 0.65416664 0.48875 0.635
0 0.424375 0.029166667 0.3925 0.045 0.375625 0.094166666 0.3875 0.13666667 0.424375 0.15916666 0.45625 0.14333333 0.473125 0.094166666 0.46125 0.051666666
0 0.03125 0.5258333 0.018125 0.54 0.015 0.58 0.025625 0.605 0.044375 0.6125 0.0625 0.5941667 0.06375 0.56583333 0.056875 0.53833336 0.045 0.52666664
0 0.86375 0.08166666 0.841875 0.09833334 0.836875 0.12916666 0.85 0.155 0.870625 0.16 0.889375 0.14333333 0.89375 0.111666664 0.88625 0.09166667
0 0.653125 0.575 0.630625 0.58166665 0.618125 0.6075 0.619375 0.62416667 0.626875 0.64166665 0.64625 0.655 0.655 0.65416664 0.65 0.63666666 0.651875 0.6166667 0.6725 0.5883333
