0 0.00125 0.80916667 0.0 0.87583333 0.034375 0.88 0.0475 0.86333334 0.049375 0.8358333 0.035625 0.81333333 0.016875 0.8066667
0 0.775625 0.6175 0.769375 0.665 0.788125 0.6933333 0.799375 0.69 0.81125 0.6983333 0.830625 0.67333335 0.83625 0.6525 0.83125 0.62416667 0.81 0.6091667
0 0.45875 0.2775 0.449375 0.2875 0.435625 0.28583333 0.425625 0.3025 0.434375 0.3125 0.45 0.35 0.4625 0.35 0.465625 0.33916667 0.48125 0.31916666 0.475 0.29583332 0.466875 0.29166666
0 0.269375 0.4975 0.256875 0.47916666 0.229375 0.48166665 0.2225 0.49333334 0.21875 0.485 0.20125 0.51 0.19875 0.53333336 0.210625 0.5516667 0.25375 0.5441667 0.266875 0.5283333
0 0.121875 0.6275 0.101875 0.63666666 0.09375 0.6483333 0.08875 0.6716667 0.095625 0.6983333 0.104375 0.70916665 0.121875 0.7158333 0.141875 0.70666665 0.15 0.695 0.155 0.6716667 0.148125 0.645 0.139375 0.63416666
0 0.6775 0.7225 0.65 0.73583335 0.638125 0.75666666 0.634375 0.78 0.644375 0.81666666 0.66 0.8325 0.6775 0.8375 0.705 0.82416666 0.716875 0.80333334 0.720625 0.78 0.710625 0.74333334 0.695 0.7275
0 0.005625 0.8475 0.0 0.85333335 0.0 0.9275 0.006875 0.9325 0.01125 0.9266667 0.021875 0.925 0.03 0.90833336 0.033125 0.8833333 0.023125 0.8575 0.014375 0.8566667
0 0.649375 0.32833335 0.644375 0.35666665 0.65125 0.3725 0.665625 0.38666666 0.69625 0.38666666 0.709375 0.37 0.711875 0.345 0.6975 0.32 0.668125 0.31416667
0 0.335625 0.46416667 0.329375 0.46833333 0.314375 0.51416665 0.330625 0.53583336 0.349375 0.5441667 0.36 0.5375 0.3725 0.50916666 0.36625 0.49833333 0.3675 0.48083332 0.355625 0.48166665 0.353125 0.47
0 0.73875 0.36 0.700625 0.38333333 0.706875 0.41583332 0.6725 0.49 0.678125 0.51416665 0.6925 0.5108333 0.70625 0.47666666 0.74125 0.47 0.75875 0.38666666
0 0.0825 0.80583334 0.070625 0.8333333 0.078125 0.8616667 0.116875 0.8725 0.14125 0.85 0.141875 0.81666666 0.124375 0.795 0.108125 0.7925
0 0.848125 0.7675 0.825625 0.76916665 0.82375 0.7808333 0.8125 0.7916667 0.836875 0.85583335 0.86 0.8475 0.86875 0.82416666 0.865 0.79
0 0.285625 0.32583332 0.260625 0.33833334 0.2475 0.37666667 0.256875 0.41 0.285625 0.4275 0.310625 0.415 0.32375 0.37666667 0.314375 0.34333333
