0 0.828125 0.0016666667 0.828125 0.045 0.85375 0.079166666 0.88625 0.079166666 0.911875 0.045 0.91125 0.0
0 0.485625 0.025 0.47375 0.0875 0.483125 0.096666664 0.494375 0.09916667 0.51 0.08416667 0.513125 0.06 0.505 0.036666665
0 0.0725 0.18166667 0.0475 0.19416666 0.034375 0.2325 0.04375 0.26583335 0.0725 0.28333333 0.0975 0.27083334 0.110625 0.2325 0.10125 0.19916667
0 0.5925 0.6175 0.585625 0.62 0.580625 0.62666667 0.57875 0.6358333 0.580625 0.645 0.585625 0.65166664 0.5925 0.65416664 0.599375 0.65166664 0.604375 0.645 0.60625 0.6358333 0.604375 0.62666667 0.599375 0.62
0 0.950625 0.8308333 0.950625 0.90833336 0.960625 0.90416664 0.97125 0.8908333 0.975 0.87583333 0.973125 0.8516667 0.975625 0.845
0 0.026875 0.89416665 0.011875 0.9008333 0.005 0.91083336 0.00125 0.92833334 0.00625 0.9483333 0.01375 0.9575 0.026875 0.9625 0.041875 0.9558333 0.04875 0.9458333 0.0525 0.92833334 0.0475 0.90833336 0.04 0.89916664
0 0.3775 0.35083333 0.364375 0.3575 0.3575 0.3775 0.3625 0.395 0.3775 0.40416667 0.390625 0.3975 0.3975 0.3775 0.3925 0.36
0 0.30625 0.605 0.29 0.6191667 0.281875 0.6625 0.29 0.70416665 0.310625 0.7158333 0.320625 0.7108333 0.341875 0.67833334 0.35 0.6433333 0.334375 0.6166667
0 0.73625 0.48166665 0.715 0.48333332 0.700625 0.49416667 0.69125 0.5258333 0.706875 0.5466667 0.724375 0.5491667 0.746875 0.5325 0.748125 0.50666666
0 0.906875 0.24416667 0.883125 0.24583334 0.868125 0.26666668 0.865625 0.29333332 0.879375 0.31416667 0.89875 0.315 0.9175 0.29833335 0.919375 0.25583333
0 0.53 0.0 0.529375 0.0175 0.533125 0.03 0.54875 0.045833334 0.5625 0.046666667 0.571875 0.041666668 0.58375 0.020833334 0.58375 0.0
0 0.600625 0.7816667 0.5975 0.7975 0.599375 0.81916666 0.61 0.8333333 0.623125 0.84 0.623125 0.7808333
0 0.169375 0.42666668 0.15 0.42166665 0.12625 0.43416667 0.12125 0.45916668 0.125 0.47583333 0.13375 0.4875 0.151875 0.47583333 0.175 0.4775 0.178125 0.4475
0 0.831875 0.57166666 0.81375 0.5991667 0.814375 0.61833334 0.824375 0.6325 0.855625 0.63666666 0.87 0.62916666 0.88 0.61583334 0.881875 0.5925 0.875 0.57916665 0.855625 0.5683333
0 0.91875 0.56916666 0.905 0.57666665 0.895 0.59583336 0.89625 0.64416665 0.906875 0.6691667 0.93 0.6741667 0.929375 0.6525 0.95 0.6141667 0.936875 0.58166665
0 0.391875 0.8575 0.375 0.865 0.3675 0.87583333 0.363125 0.8958333 0.36875 0.91833335 0.376875 0.92833334 0.391875 0.93416667 0.40875 0.9266667 0.41625 0.91583335 0.420625 0.8958333 0.415 0.87333333 0.406875 0.86333334
0 0.623125 0.08583333 0.610625 0.10583334 0.613125 0.13416667 0.61875 0.1425 0.6525 0.15333334 0.661875 0.14 0.665 0.12666667 0.659375 0.096666664 0.644375 0.0825
