0 0.0925 0.68833333 0.080625 0.7125 0.08625 0.74583334 0.105625 0.7625 0.128125 0.7583333 0.138125 0.74333334 0.14 0.725 0.1225 0.71 0.121875 0.68583333 0.105625 0.6825
0 0.328125 0.22833334 0.319375 0.23916666 0.315625 0.255 0.32 0.28833333 0.333125 0.31083333 0.35875 0.31416667 0.3675 0.3 0.360625 0.255 0.34875 0.2325 0.340625 0.22666667
0 0.16875 0.59 0.160625 0.6016667 0.155625 0.625 0.16375 0.64416665 0.181875 0.66083336 0.198125 0.6625 0.210625 0.6566667 0.2175 0.63 0.21 0.6016667 0.1925 0.585
0 0.465625 0.27833334 0.4525 0.3025 0.456875 0.33083335 0.4775 0.3525 0.4975 0.34833333 0.506875 0.33666667 0.511875 0.31833333 0.504375 0.29333332 0.488125 0.27833334
0 0.64875 0.0016666667 0.65625 0.031666666 0.66875 0.045833334 0.68625 0.051666666 0.70875 0.041666668 0.719375 0.025 0.72375 0.0016666667
0 0.17125 0.15166667 0.158125 0.15833333 0.15125 0.17833333 0.15625 0.19583334 0.17125 0.205 0.184375 0.19833334 0.19125 0.17833333 0.18625 0.16083333
0 0.15875 0.053333335 0.13375 0.06583333 0.120625 0.104166664 0.13 0.1375 0.15875 0.155 0.18375 0.1425 0.196875 0.104166664 0.1875 0.07083333
0 0.849375 0.6625 0.83625 0.66833335 0.83 0.6775 0.826875 0.6925 0.83125 0.71 0.838125 0.7183333 0.849375 0.7225 0.8625 0.71666664 0.86875 0.7075 0.871875 0.6925 0.8675 0.675 0.860625 0.6666667
0 0.77375 0.22833334 0.75625 0.23 0.745 0.2525 0.7475 0.30833334 0.754375 0.32 0.7625 0.32333332 0.773125 0.31916666 0.78 0.30416667 0.775 0.28 0.781875 0.265 0.783125 0.24583334
0 0.400625 0.505 0.389375 0.5108333 0.38375 0.5275 0.388125 0.5425 0.400625 0.55 0.411875 0.5441667 0.4175 0.5275 0.413125 0.5125
0 0.76125 0.34416667 0.745 0.36 0.7425 0.38833332 0.758125 0.415 0.776875 0.4175 0.789375 0.40166667 0.79 0.36833334 0.776875 0.3475
0 0.79 0.00083333335 0.7925 0.020833334 0.8025 0.031666666 0.81625 0.031666666 0.8225 0.026666667 0.828125 0.015833333 0.828125 0.0
0 0.67625 0.67333335 0.644375 0.68916667 0.6275 0.73833334 0.639375 0.7808333 0.67625 0.80333334 0.708125 0.7875 0.725 0.73833334 0.713125 0.6958333
0 0.555625 0.30916667 0.555625 0.3175 0.61125 0.3175 0.611875 0.30166668 0.600625 0.27833334 0.580625 0.27166668 0.5625 0.285
0 0.693125 0.205 0.674375 0.23333333 0.68 0.25916666 0.690625 0.2725 0.705625 0.27916667 0.725625 0.27416667 0.738125 0.25083333 0.73375 0.22 0.72 0.205
0 0.20375 0.1225 0.179375 0.13416667 0.168125 0.15416667 0.165 0.17416666 0.17375 0.20666666 0.18875 0.22166666 0.20375 0.22583333 0.228125 0.21416667 0.239375 0.19416666 0.2425 0.17416666 0.23375 0.14166667 0.21875 0.12666667
0 0.393125 0.6716667 0.376875 0.6875 0.374375 0.7216667 0.380625 0.75666666 0.390625 0.77 0.4 0.7725 0.42 0.75333333 0.406875 0.73833334 0.401875 0.7191667 0.40125 0.69416666 0.411875 0.6791667
