0 0.65625 0.77666664 0.643125 0.7825 0.6375 0.79083335 0.634375 0.80583334 0.63875 0.8233333 0.645 0.8308333 0.65625 0.835 0.669375 0.82916665 0.675 0.8208333 0.678125 0.80583334 0.67375 0.78833336 0.6675 0.7808333
0 0.635 0.47 0.601875 0.48583335 0.58625 0.51416665 0.5825 0.54 0.594375 0.58416665 0.615625 0.605 0.635 0.61 0.668125 0.5941667 0.68375 0.56583333 0.6875 0.54 0.675625 0.49583334 0.654375 0.475
0 0.03875 0.32166666 0.000625 0.34 0.000625 0.46333334 0.03875 0.48166665 0.076875 0.46333334 0.09375 0.43333334 0.09875 0.40166667 0.085 0.35083333 0.0625 0.32833335
0 0.765 0.104166664 0.726875 0.1225 0.705 0.18416667 0.71875 0.235 0.765 0.26416665 0.803125 0.24583334 0.825 0.18416667 0.81125 0.13333334
0 0.110625 0.13416667 0.10375 0.14666666 0.103125 0.16333333 0.121875 0.1925 0.145625 0.19916667 0.165625 0.18083334 0.1525 0.13083333 0.1275 0.12583333
0 0.399375 0.013333334 0.364375 0.03 0.349375 0.055 0.34375 0.0875 0.35625 0.13416667 0.375 0.15416667 0.399375 0.16166666 0.434375 0.145 0.449375 0.12 0.455 0.0875 0.4425 0.04083333 0.42375 0.020833334
0 0.044375 0.68916667 0.030625 0.7075 0.026875 0.72333336 0.030625 0.74 0.046875 0.7633333 0.0675 0.7625 0.078125 0.75083333 0.083125 0.7175 0.070625 0.6983333
0 0.24625 0.7583333 0.2375 0.73833334 0.22875 0.72833335 0.22125 0.72833335 0.19875 0.74083334 0.189375 0.75 0.188125 0.76
0 0.674375 0.9191667 0.665625 0.92333335 0.661875 0.9291667 0.66 0.93833333 0.663125 0.95 0.6675 0.955 0.674375 0.9575 0.683125 0.9533333 0.686875 0.9475 0.68875 0.93833333 0.685625 0.9266667 0.68125 0.9216667
0 0.35375 0.49583334 0.355625 0.5175 0.373125 0.5391667 0.39125 0.5441667 0.41875 0.5325 0.414375 0.50083333 0.39125 0.475 0.365 0.48
0 0.2175 0.025 0.228125 0.11083333 0.244375 0.12083333 0.26 0.11666667 0.27875 0.095 0.283125 0.07083333 0.273125 0.020833334
0 0.26875 0.004166667 0.250625 0.0625 0.26875 0.12083333 0.3125 0.145 0.35625 0.12083333 0.374375 0.0625 0.35625 0.004166667
0 0.444375 0.80583334 0.415 0.81583333 0.40875 0.8308333 0.408125 0.85083336 0.424375 0.87416667 0.445 0.87416667 0.4525 0.8675 0.46125 0.8475 0.4575 0.82
0 0.415625 0.48833334 0.39125 0.49916667 0.380625 0.515 0.375 0.5425 0.383125 0.575 0.395 0.58916664 0.415625 0.5966667 0.44 0.5858333 0.450625 0.57 0.45625 0.5425 0.448125 0.51 0.43625 0.49583334
0 0.888125 0.09166667 0.879375 0.10166667 0.87375 0.12083333 0.888125 0.1175 0.90125 0.12166667 0.91 0.1375 0.913125 0.16 0.930625 0.13416667 0.929375 0.10666667 0.91375 0.0875
0 0.519375 0.77666664 0.51625 0.7966667 0.523125 0.81333333 0.54375 0.8283333 0.569375 0.83166665 0.5775 0.78
0 0.151875 0.34833333 0.13125 0.3575 0.123125 0.36916667 0.1175 0.39416668 0.124375 0.42166665 0.133125 0.4325 0.151875 0.44 0.1725 0.43083334 0.180625 0.41916665 0.18625 0.39416668 0.179375 0.36666667 0.170625 0.35583332
0 0.595625 0.39416668 0.5725 0.40583333 0.560625 0.44083333 0.569375 0.47166666 0.595625 0.4875 0.61875 0.47583333 0.630625 0.44083333 0.621875 0.41
