0 0.28125 0.0 0.239375 0.031666666 0.225625 0.0975 0.249375 0.15333334 0.29875 0.17166667 0.340625 0.14 0.354375 0.07416666 0.330625 0.018333333
0 0.38625 0.49083334 0.400625 0.5208333 0.419375 0.53 0.436875 0.51666665 0.458125 0.51916665 0.476875 0.5 0.470625 0.48333332 0.45 0.46166667 0.4225 0.45416668 0.393125 0.46416667
0 0.5175 0.0 0.5 0.051666666 0.5125 0.096666664 0.551875 0.12083333 0.585625 0.104166664 0.60375 0.051666666 0.59125 0.006666667
0 0.726875 0.29416665 0.690625 0.28083333 0.6575 0.29166666 0.630625 0.33 0.62875 0.36416668 0.639375 0.37666667 0.66375 0.37666667 0.68875 0.36416668 0.720625 0.33083335
0 0.25625 0.16333333 0.21875 0.18333334 0.201875 0.23583333 0.216875 0.28583333 0.25625 0.30833334 0.29375 0.28833333 0.310625 0.23583333 0.295625 0.18583333
0 0.489375 0.88 0.47125 0.88916665 0.461875 0.9166667 0.46875 0.94083333 0.489375 0.9533333 0.5075 0.94416666 0.516875 0.9166667 0.51 0.8925
0 0.77375 0.33833334 0.750625 0.33416668 0.73 0.34416667 0.704375 0.38083333 0.70375 0.40333334 0.7425 0.43416667 0.780625 0.41833332 0.79375 0.39666668 0.795625 0.3675
0 0.073125 0.10916667 0.065 0.12916666 0.049375 0.14416666 0.049375 0.17083333 0.06875 0.19833334 0.101875 0.19083333 0.101875 0.108333334
0 0.4375 0.42 0.428125 0.48916668 0.454375 0.5316667 0.496875 0.52916664 0.51375 0.51 0.5225 0.47083333 0.51 0.44083333 0.47625 0.41416666
0 0.541875 0.78583336 0.516875 0.78 0.494375 0.79083335 0.47875 0.825 0.48625 0.86 0.515625 0.87083334 0.549375 0.8525 0.556875 0.835 0.556875 0.81166667
0 0.289375 0.51 0.265 0.5208333 0.254375 0.5366667 0.24875 0.56416667 0.256875 0.5966667 0.26875 0.61083335 0.289375 0.61833334 0.31375 0.6075 0.324375 0.59166664 0.33 0.56416667 0.321875 0.5316667 0.31 0.5175
