0 0.54 0.3375 0.526875 0.34333333 0.52125 0.35166666 0.518125 0.36666667 0.5225 0.38416666 0.52875 0.39166668 0.54 0.39583334 0.553125 0.39 0.55875 0.38166666 0.561875 0.36666667 0.5575 0.34916666 0.55125 0.34166667
0 0.220625 0.4625 0.194375 0.475 0.181875 0.4975 0.17875 0.5183333 0.188125 0.55333334 0.205 0.57 0.220625 0.57416666 0.246875 0.56166667 0.259375 0.5391667 0.2625 0.5183333 0.253125 0.48333332 0.23625 0.46666667
0 0.704375 0.34333333 0.701875 0.375 0.729375 0.40666667 0.756875 0.4025 0.75875 0.38916665 0.766875 0.38333333 0.7525 0.34166667 0.72125 0.33166668
0 0.658125 0.345 0.633125 0.35833332 0.621875 0.39333335 0.631875 0.42666668 0.658125 0.44166666 0.683125 0.42833334 0.694375 0.39333335 0.684375 0.36
0 0.149375 0.4375 0.138125 0.4425 0.1325 0.45083332 0.13 0.46333334 0.13375 0.47833332 0.14 0.48583335 0.149375 0.48916668 0.160625 0.48416665 0.16625 0.47583333 0.16875 0.46333334 0.165 0.44833332 0.15875 0.44083333
0 0.2375 0.25666666 0.22875 0.24166666 0.21375 0.24 0.206875 0.23083334 0.200625 0.2425 0.1875 0.24833333 0.18 0.27833334 0.18875 0.28583333 0.21375 0.28666666 0.23 0.28166667 0.23625 0.27333334
0 0.020625 0.28333333 0.0 0.29583332 0.0 0.34583333 0.020625 0.35833332 0.0375 0.35083333 0.044375 0.34083334 0.04875 0.32083333 0.043125 0.29833335 0.035625 0.28916666
0 0.723125 0.85583335 0.71625 0.86583334 0.721875 0.8983333 0.738125 0.9266667 0.74875 0.93333334 0.765 0.93083334 0.780625 0.91083336 0.785625 0.88416666 0.78 0.865 0.765625 0.8491667 0.735625 0.8491667
0 0.224375 0.56 0.215 0.5675 0.2 0.6 0.205625 0.62166667 0.218125 0.64166665 0.238125 0.645 0.255 0.6308333 0.25625 0.6191667 0.26875 0.60083336 0.25 0.56166667
0 0.25 0.21 0.24375 0.2575 0.2625 0.28583333 0.27375 0.2825 0.285625 0.29083332 0.305 0.26583335 0.310625 0.245 0.305625 0.21666667 0.284375 0.20166667
0 0.18875 0.7325 0.18125 0.7558333 0.188125 0.7875 0.20125 0.8041667 0.22875 0.805 0.239375 0.77916664 0.2325 0.74916667 0.2075 0.7266667
0 0.494375 0.7275 0.45875 0.745 0.439375 0.80083334 0.4525 0.84833336 0.494375 0.87416667 0.53 0.8566667 0.549375 0.80083334 0.53625 0.75333333
0 0.371875 0.0016666667 0.345625 0.036666665 0.345625 0.086666666 0.371875 0.12166667 0.409375 0.12166667 0.435625 0.086666666 0.435625 0.036666665 0.409375 0.0016666667
0 0.208125 0.011666667 0.220625 0.031666666 0.216875 0.039166667 0.239375 0.051666666 0.259375 0.045833334 0.2725 0.0058333334 0.268125 0.0 0.2125 0.0
0 0.11 0.0 0.101875 0.01 0.10125 0.035833333 0.11 0.059166666 0.123125 0.065 0.13875 0.06333333 0.14625 0.050833333 0.139375 0.034166668 0.14 0.024166666 0.130625 0.013333334 0.13 0.0
0 0.49875 0.6725 0.46125 0.6925 0.444375 0.745 0.459375 0.795 0.49875 0.8175 0.53625 0.7975 0.553125 0.745 0.538125 0.695
0 0.58375 0.70416665 0.5575 0.71666664 0.545 0.7391667 0.541875 0.76 0.55125 0.795 0.568125 0.81166667 0.58375 0.81583333 0.61 0.80333334 0.6225 0.7808333 0.625625 0.76 0.61625 0.725 0.599375 0.7083333
