0 0.011875 0.0 0.00375 0.016666668 0.0075 0.04083333 0.020625 0.0525 0.03875 0.0475 0.0475 0.03 0.04375 0.0058333334 0.039375 0.0
0 0.0 0.70416665 0.000625 0.8283333 0.03875 0.81416667 0.0525 0.78833336 0.055625 0.7658333 0.044375 0.725 0.025 0.70666665
0 0.341875 0.845 0.325 0.8525 0.3175 0.86333334 0.313125 0.8833333 0.31875 0.9058333 0.326875 0.91583335 0.341875 0.9216667 0.35875 0.9141667 0.36625 0.9033333 0.370625 0.8833333 0.365 0.86083335 0.356875 0.85083336
0 0.39625 0.47166666 0.385625 0.47666666 0.38125 0.48333332 0.37875 0.495 0.3825 0.50916666 0.3875 0.515 0.39625 0.5183333 0.406875 0.5133333 0.41125 0.50666666 0.41375 0.495 0.41 0.48083332 0.405 0.475
0 0.80625 0.75166667 0.79 0.77666664 0.7925 0.81416667 0.820625 0.83916664 0.8425 0.83416665 0.865 0.79833335 0.864375 0.7783333 0.855 0.76166666 0.839375 0.7525
0 0.1375 0.0033333334 0.135 0.0225 0.1425 0.036666665 0.156875 0.04 0.1675 0.03 0.170625 0.016666668 0.165625 0.0 0.139375 0.0
0 0.894375 0.77666664 0.870625 0.795 0.861875 0.81416667 0.861875 0.82916665 0.87625 0.85833335 0.904375 0.8666667 0.92375 0.8525 0.93 0.81916666 0.916875 0.78583336
0 0.901875 0.23083334 0.890625 0.24416667 0.885 0.26333332 0.886875 0.2825 0.89625 0.30166668 0.9125 0.31416667 0.943125 0.31083333 0.949375 0.2825 0.943125 0.2575 0.929375 0.24333334
0 0.225 0.56166667 0.21 0.5683333 0.203125 0.5783333 0.199375 0.59583336 0.204375 0.61583334 0.211875 0.625 0.225 0.63 0.24 0.62333333 0.246875 0.61333334 0.250625 0.59583336 0.245625 0.5758333 0.238125 0.56666666
0 0.47 0.715 0.444375 0.7275 0.43 0.7683333 0.439375 0.8025 0.47 0.82166666 0.495625 0.80916667 0.51 0.7683333 0.500625 0.7341667
0 0.495625 0.45166665 0.475 0.46166667 0.465625 0.47833332 0.463125 0.495 0.470625 0.5225 0.483125 0.535 0.495625 0.53833336 0.51625 0.5283333 0.525625 0.51166666 0.528125 0.495 0.520625 0.4675 0.508125 0.455
0 0.79625 0.0 0.79875 0.020833334 0.813125 0.035 0.829375 0.031666666 0.84 0.0125 0.84 0.0
0 0.066875 0.54833335 0.055625 0.5541667 0.05 0.5708333 0.054375 0.5858333 0.066875 0.5933333 0.078125 0.5875 0.08375 0.5708333 0.079375 0.55583334
0 0.34375 0.21333334 0.326875 0.22583333 0.32 0.255 0.329375 0.27916667 0.34875 0.28833333 0.36625 0.27416667 0.3725 0.24916667 0.364375 0.2225
