0 0.3875 0.4875 0.366875 0.4975 0.3575 0.51416665 0.355 0.5308333 0.3625 0.55833334 0.375 0.5708333 0.3875 0.57416666 0.408125 0.56416667 0.4175 0.5475 0.42 0.5308333 0.4125 0.50333333 0.4 0.49083334
0 0.8825 0.07666667 0.845 0.09583333 0.82625 0.15166667 0.840625 0.20166667 0.8825 0.22666667 0.92 0.2075 0.93875 0.15166667 0.924375 0.10166667
0 0.758125 0.52916664 0.75 0.54083335 0.75 0.6016667 0.778125 0.6666667 0.790625 0.65 0.788125 0.6025 0.800625 0.5808333 0.8025 0.55916667 0.79125 0.5391667 0.79375 0.5325
0 0.453125 0.16916667 0.42875 0.18 0.418125 0.19583334 0.4125 0.22333333 0.420625 0.25583333 0.4325 0.27 0.453125 0.2775 0.4775 0.26666668 0.488125 0.25083333 0.49375 0.22333333 0.485625 0.19083333 0.47375 0.17666666
0 0.2975 0.019166667 0.30375 0.04 0.336875 0.034166668 0.348125 0.0175 0.341875 0.0 0.29875 0.00083333335
0 0.13375 0.50333333 0.1325 0.5541667 0.13875 0.56583333 0.19375 0.5541667 0.189375 0.50416666
0 0.775 0.3025 0.76 0.32333332 0.75875 0.35166666 0.774375 0.375 0.7875 0.37833333 0.799375 0.37416667 0.81375 0.34916666 0.81 0.3225 0.799375 0.30833334
0 0.604375 0.885 0.5825 0.9033333 0.579375 0.92583334 0.5925 0.94916666 0.614375 0.95416665 0.628125 0.94666666 0.6375 0.915 0.625625 0.89
0 0.2525 0.8375 0.24375 0.85583335 0.241875 0.8883333 0.276875 0.93333334 0.30875 0.93583333 0.339375 0.8925 0.32875 0.845 0.315 0.8325
0 0.546875 0.66333336 0.514375 0.6791667 0.49625 0.73083335 0.508125 0.77416664 0.546875 0.79833335 0.579375 0.7825 0.5975 0.73083335 0.585625 0.6875
0 0.685625 0.31583333 0.659375 0.32833335 0.646875 0.35083333 0.64375 0.37166667 0.653125 0.40666667 0.67 0.42333335 0.685625 0.4275 0.711875 0.415 0.724375 0.3925 0.7275 0.37166667 0.718125 0.33666667 0.70125 0.32
0 0.301875 0.6725 0.286875 0.6791667 0.28 0.68916667 0.27625 0.70666665 0.28125 0.7266667 0.28875 0.73583335 0.301875 0.74083334 0.316875 0.7341667 0.32375 0.7241667 0.3275 0.70666665 0.3225 0.68666667 0.315 0.6775
0 0.71 0.30333334 0.680625 0.31333333 0.674375 0.32833335 0.67375 0.34833333 0.69 0.37166667 0.710625 0.37166667 0.718125 0.365 0.726875 0.345 0.723125 0.3175
