0 0.783125 0.385 0.77375 0.38916665 0.76875 0.39666668 0.766875 0.40666667 0.77 0.41916665 0.775625 0.42583334 0.783125 0.42833334 0.7925 0.42416668 0.7975 0.41666666 0.799375 0.40666667 0.79625 0.39416668 0.790625 0.3875
0 0.43125 0.004166667 0.424375 0.024166666 0.426875 0.050833333 0.45 0.06916667 0.4675 0.061666667 0.47625 0.039166667 0.468125 0.0075 0.46125 0.0 0.43625 0.0
0 0.275 0.71666664 0.250625 0.7275 0.24 0.74333334 0.234375 0.7708333 0.2425 0.80333334 0.254375 0.8175 0.275 0.825 0.299375 0.81416667 0.31 0.79833335 0.315625 0.7708333 0.3075 0.73833334 0.295625 0.7241667
0 0.269375 0.78333336 0.2525 0.7975 0.24875 0.82916665 0.265 0.855 0.285625 0.85833335 0.29875 0.84 0.300625 0.80833334 0.29 0.7891667
0 0.491875 0.43333334 0.464375 0.44666666 0.4525 0.4675 0.44875 0.49083334 0.45875 0.5275 0.474375 0.54333335 0.491875 0.54833335 0.519375 0.535 0.53125 0.51416665 0.535 0.49083334 0.525 0.45416668 0.509375 0.43833333
0 0.33625 0.93333334 0.3275 0.9375 0.32375 0.9433333 0.321875 0.9525 0.325 0.96416664 0.329375 0.9691667 0.33625 0.9716667 0.345 0.9675 0.34875 0.96166664 0.350625 0.9525 0.3475 0.94083333 0.343125 0.93583333
0 0.799375 0.21333334 0.790625 0.225 0.785625 0.24333334 0.803125 0.26666668 0.825625 0.28 0.838125 0.255 0.83625 0.22833334 0.82 0.21166667
0 0.898125 0.00083333335 0.885 0.020833334 0.885 0.060833335 0.895 0.0775 0.921875 0.085 0.919375 0.065 0.934375 0.023333333 0.91125 0.00083333335
0 0.316875 0.61583334 0.298125 0.6016667 0.275 0.61 0.263125 0.635 0.2675 0.6675 0.2775 0.65 0.3125 0.64416665 0.32125 0.6525 0.3225 0.6358333
0 0.89 0.1075 0.86125 0.12166667 0.845625 0.16666667 0.85625 0.205 0.89 0.22583333 0.91875 0.21166667 0.934375 0.16666667 0.92375 0.12833333
0 0.7525 0.8641667 0.735625 0.86833334 0.725 0.89 0.728125 0.9125 0.7425 0.9266667 0.775 0.8933333 0.76375 0.87083334
0 0.2725 0.5491667 0.26125 0.5541667 0.255625 0.56333333 0.25375 0.57416666 0.2575 0.58916664 0.264375 0.5966667 0.2725 0.5991667 0.28375 0.5941667 0.289375 0.585 0.29125 0.57416666 0.2875 0.55916667 0.280625 0.5516667
0 0.061875 0.4825 0.041875 0.49666667 0.035 0.5325 0.043125 0.5516667 0.065 0.56083333 0.09375 0.52916664 0.08375 0.49416667
0 0.08375 0.29166666 0.075 0.29583332 0.07125 0.30166668 0.069375 0.31083333 0.0725 0.3225 0.076875 0.3275 0.08375 0.33 0.0925 0.32583332 0.09625 0.32 0.098125 0.31083333 0.095 0.29916668 0.090625 0.29416665
0 0.499375 0.0 0.481875 0.024166666 0.481875 0.0525 0.500625 0.0775 0.521875 0.0775 0.540625 0.0525 0.540625 0.024166666 0.523125 0.0
