0 0.364375 0.0575 0.336875 0.07083333 0.325 0.09166667 0.32125 0.115 0.33125 0.15166667 0.346875 0.1675 0.364375 0.1725 0.391875 0.15916666 0.40375 0.13833334 0.4075 0.115 0.3975 0.07833333 0.381875 0.0625
0 0.311875 0.0 0.291875 0.048333332 0.304375 0.108333334 0.341875 0.13666667 0.386875 0.12 0.408125 0.07 0.395625 0.01 0.388125 0.0
0 0.306875 0.50916666 0.31625 0.5325 0.32375 0.5341667 0.32875 0.545 0.34 0.5375 0.3525 0.5375 0.35625 0.5258333 0.368125 0.515 0.365 0.49666667 0.313125 0.49666667
0 0.848125 0.61 0.830625 0.64166665 0.8375 0.6616667 0.859375 0.68416667 0.88 0.68083334 0.894375 0.6575 0.88625 0.61583334 0.866875 0.60583335
0 0.000625 0.1375 0.000625 0.24916667 0.026875 0.23666666 0.039375 0.21416667 0.0425 0.19333333 0.033125 0.15833333 0.01625 0.14166667
0 0.7175 0.108333334 0.6975 0.11083333 0.684375 0.12083333 0.6775 0.135 0.67625 0.1675 0.70125 0.18666667 0.71875 0.18833333 0.730625 0.18 0.736875 0.16583334 0.7375 0.13083333
0 0.48125 0.111666664 0.46875 0.125 0.469375 0.1625 0.480625 0.16833334 0.485625 0.17916666 0.504375 0.1775 0.513125 0.16416667 0.52125 0.16333333 0.52 0.15 0.525 0.13833334 0.51 0.115
0 0.276875 0.32666665 0.26375 0.3325 0.258125 0.34083334 0.255 0.35583332 0.259375 0.37333333 0.265625 0.38083333 0.276875 0.385 0.29 0.37916666 0.295625 0.37083334 0.29875 0.35583332 0.294375 0.33833334 0.288125 0.33083335
0 0.3875 0.013333334 0.366875 0.033333335 0.363125 0.048333332 0.365625 0.0675 0.38625 0.093333334 0.410625 0.09 0.42375 0.07083333 0.42375 0.038333334 0.419375 0.025 0.409375 0.015833333
0 0.27375 0.46583334 0.253125 0.475 0.24 0.52 0.245 0.5466667 0.26125 0.56083333 0.279375 0.55083334 0.285625 0.515 0.29375 0.505 0.289375 0.4825
0 0.050625 0.5133333 0.036875 0.535 0.0425 0.5683333 0.066875 0.585 0.090625 0.5733333 0.095625 0.56583333 0.091875 0.5283333 0.08125 0.5133333
0 0.165 0.059166666 0.13125 0.075833336 0.113125 0.12833333 0.125625 0.17333333 0.165 0.1975 0.19875 0.18083334 0.216875 0.12833333 0.204375 0.083333336
0 0.861875 0.28 0.838125 0.31333333 0.83875 0.34333333 0.8475 0.35916665 0.87375 0.36166668 0.88875 0.34583333 0.894375 0.32 0.879375 0.28916666
0 0.8625 0.6125 0.845625 0.5683333 0.81875 0.55833334 0.80625 0.56583333 0.795 0.59166664 0.774375 0.605 0.7625 0.6308333 0.863125 0.6308333
0 0.861875 0.64666665 0.8375 0.65833336 0.82625 0.67833334 0.823125 0.6983333 0.831875 0.73083335 0.846875 0.74583334 0.861875 0.75 0.88625 0.73833334 0.8975 0.7183333 0.900625 0.6983333 0.891875 0.66583335 0.876875 0.6508333
0 0.84 0.475 0.80625 0.4925 0.79 0.5416667 0.803125 0.58666664 0.84 0.60833335 0.87375 0.5908333 0.89 0.5416667 0.876875 0.49666667
0 0.945625 0.48083332 0.925 0.465 0.911875 0.46666667 0.89625 0.47916666 0.88625 0.50333333 0.893125 0.53333336 0.920625 0.5425 0.94125 0.5316667 0.95 0.5133333
0 0.51375 0.32583332 0.51375 0.40083334 0.524375 0.40833333 0.535625 0.40666667 0.548125 0.38833332 0.54875 0.36166668 0.54375 0.3375 0.536875 0.33083335
0 0.656875 0.60583335 0.63 0.6191667 0.615625 0.66083336 0.625625 0.69666666 0.656875 0.7158333 0.68375 0.7025 0.698125 0.66083336 0.688125 0.625
