0 0.13125 0.6558333 0.1075 0.68916667 0.108125 0.7191667 0.116875 0.735 0.143125 0.7375 0.158125 0.7216667 0.16375 0.6958333 0.14875 0.665
0 0.4325 0.2225 0.41875 0.24416667 0.424375 0.2775 0.44875 0.29416665 0.4725 0.2825 0.4775 0.275 0.47375 0.2375 0.463125 0.2225
0 0.403125 0.7825 0.369375 0.7991667 0.35125 0.8516667 0.36375 0.89666665 0.403125 0.92083335 0.436875 0.90416664 0.455 0.8516667 0.4425 0.8066667
0 0.3525 0.85 0.33625 0.85833335 0.328125 0.8825 0.334375 0.90416664 0.3525 0.915 0.36875 0.9066667 0.376875 0.8825 0.370625 0.86083335
0 0.165 0.61833334 0.14125 0.65166664 0.141875 0.6816667 0.150625 0.6975 0.176875 0.7 0.191875 0.68416667 0.1975 0.65833336 0.1825 0.6275
0 0.923125 0.6458333 0.898125 0.6591667 0.886875 0.69416666 0.896875 0.7275 0.923125 0.7425 0.948125 0.7291667 0.959375 0.69416666 0.949375 0.66083336
0 0.210625 0.2675 0.200625 0.27166668 0.195625 0.27833334 0.1925 0.29166666 0.195625 0.305 0.200625 0.31166667 0.210625 0.31583333 0.220625 0.31166667 0.225625 0.305 0.22875 0.29166666 0.225625 0.27833334 0.220625 0.27166668
0 0.0 0.42833334 0.0 0.50166667 0.015625 0.5025 0.023125 0.49583334 0.03125 0.4775 0.01375 0.42916667
0 0.65375 0.6483333 0.626875 0.6616667 0.6125 0.7033333 0.6225 0.7391667 0.65375 0.7583333 0.680625 0.745 0.695 0.7033333 0.685 0.6675
0 0.264375 0.4575 0.255 0.50166667 0.26625 0.52166665 0.301875 0.53583336 0.319375 0.5208333 0.32125 0.48166665 0.31375 0.45833334 0.286875 0.44666666
0 0.254375 0.2025 0.2375 0.21083333 0.228125 0.2375 0.234375 0.26 0.254375 0.2725 0.27125 0.26416665 0.280625 0.2375 0.274375 0.215
0 0.06 0.87916666 0.050625 0.855 0.0425 0.84833336 0.030625 0.8466667 0.013125 0.855 0.000625 0.88166666
0 0.83 0.51916665 0.81875 0.5391667 0.823125 0.57666665 0.85125 0.59833336 0.880625 0.595 0.889375 0.565 0.8775 0.535 0.8525 0.5158333
0 0.365625 0.21083333 0.35625 0.21916667 0.35 0.245 0.35375 0.2675 0.37125 0.28166667 0.3925 0.27833334 0.403125 0.25166667 0.405 0.22916667 0.39625 0.2225 0.393125 0.2125
0 0.519375 0.42833334 0.48 0.44833332 0.46 0.5075 0.475 0.56 0.519375 0.58666664 0.55875 0.56666666 0.57875 0.5075 0.56375 0.455
0 0.826875 0.0016666667 0.805 0.044166666 0.8125 0.0975 0.844375 0.12666667 0.884375 0.11666667 0.90625 0.07416666 0.89875 0.020833334 0.881875 0.0
0 0.57875 0.07083333 0.569375 0.046666667 0.56125 0.04 0.549375 0.038333334 0.531875 0.046666667 0.519375 0.07333333
