0 0.6225 0.68916667 0.60875 0.7125 0.61 0.75333333 0.628125 0.77666664 0.65125 0.77666664 0.663125 0.765 0.67 0.74666667 0.66875 0.7158333 0.646875 0.69
0 0.0 0.26 0.000625 0.35083333 0.0175 0.35166666 0.03625 0.33083335 0.040625 0.30833334 0.038125 0.28916666 0.01875 0.265
0 0.7725 0.5575 0.76125 0.5625 0.755625 0.57166666 0.75375 0.5825 0.7575 0.5975 0.764375 0.605 0.7725 0.6075 0.78375 0.6025 0.789375 0.5933333 0.79125 0.5825 0.7875 0.5675 0.780625 0.56
0 0.371875 0.093333334 0.345625 0.10333333 0.333125 0.12833333 0.334375 0.1575 0.355625 0.185 0.37 0.18666667 0.384375 0.17833333 0.3975 0.15083334 0.393125 0.1125
0 0.66875 0.20666666 0.660625 0.1775 0.640625 0.16416667 0.621875 0.1675 0.61125 0.17666666 0.599375 0.20666666
0 0.0325 0.5275 0.000625 0.5416667 0.0 0.615 0.02625 0.6325 0.0525 0.62 0.064375 0.585 0.056875 0.54583335
0 0.52625 0.2525 0.5075 0.26166666 0.496875 0.29166666 0.50375 0.31666666 0.52625 0.33083335 0.545 0.32166666 0.555625 0.29166666 0.54875 0.26666668
0 0.68125 0.34416667 0.65375 0.34583333 0.634375 0.3675 0.629375 0.395 0.63875 0.4225 0.6525 0.43166667 0.671875 0.4325 0.69625 0.4125 0.7025 0.37583333 0.695 0.3575
0 0.174375 0.8383333 0.154375 0.8475 0.14625 0.8591667 0.14125 0.8825 0.148125 0.9091667 0.156875 0.92 0.174375 0.9266667 0.194375 0.9175 0.2025 0.9058333 0.2075 0.8825 0.200625 0.85583335 0.191875 0.845
0 0.731875 0.8233333 0.706875 0.8383333 0.6975 0.875 0.71 0.9058333 0.739375 0.92 0.766875 0.9008333 0.7725 0.8575 0.756875 0.8308333
0 0.25375 0.415 0.2275 0.41916665 0.211875 0.44333333 0.210625 0.46333334 0.218125 0.4725 0.215625 0.485 0.229375 0.49916667 0.246875 0.49833333 0.266875 0.4825 0.27375 0.46916667 0.27375 0.43833333
0 0.848125 0.8333333 0.825 0.85833335 0.821875 0.9033333 0.84 0.93 0.864375 0.93416667 0.888125 0.9125 0.895 0.87083334 0.880625 0.8408333
