0 0.854375 0.7816667 0.829375 0.7966667 0.8225 0.82416666 0.829375 0.865 0.8475 0.87333333 0.8725 0.865 0.8875 0.835 0.883125 0.8041667 0.87125 0.7891667
0 0.585 0.8016667 0.568125 0.81 0.55875 0.83666664 0.565 0.8591667 0.585 0.87166667 0.601875 0.86333334 0.61125 0.83666664 0.605 0.81416667
0 0.58 0.075 0.554375 0.093333334 0.549375 0.12 0.561875 0.15166667 0.589375 0.15916666 0.610625 0.13583334 0.61375 0.10583334 0.60125 0.08166666
0 0.7475 0.09166667 0.719375 0.10666667 0.71 0.13666667 0.711875 0.15666667 0.7225 0.1775 0.74125 0.18583333 0.765625 0.17333333 0.7775 0.145 0.775 0.11833333 0.763125 0.1
0 0.451875 0.51666665 0.43125 0.53833336 0.428125 0.55916667 0.4325 0.58166665 0.4575 0.6041667 0.48125 0.60083336 0.4975 0.58166665 0.498125 0.55083334 0.48125 0.5225
0 0.820625 0.7708333 0.8025 0.77916664 0.794375 0.7916667 0.790625 0.81083333 0.796875 0.835 0.80625 0.84583336 0.820625 0.85083336 0.83875 0.8425 0.846875 0.83 0.850625 0.81083333 0.844375 0.7866667 0.835 0.7758333
0 0.304375 0.63416666 0.285625 0.6566667 0.28125 0.6875 0.296875 0.72083336 0.32125 0.73083335 0.35375 0.7033333 0.355 0.6616667 0.34375 0.64166665 0.3325 0.635
0 0.67375 0.09166667 0.659375 0.11 0.6575 0.123333335 0.665625 0.15833333 0.685625 0.17083333 0.70625 0.16666667 0.72125 0.1425 0.715625 0.105 0.695625 0.08916666
0 0.04 0.68583333 0.014375 0.70416665 0.009375 0.73083335 0.021875 0.7625 0.049375 0.77 0.070625 0.74666667 0.07375 0.71666664 0.06125 0.6925
0 0.425625 0.123333335 0.405 0.1325 0.396875 0.14416666 0.39125 0.16916667 0.398125 0.19666667 0.406875 0.2075 0.425625 0.215 0.44625 0.20583333 0.454375 0.19416666 0.46 0.16916667 0.453125 0.14166667 0.444375 0.13083333
0 0.80125 0.0 0.78 0.025833333 0.77875 0.054166667 0.78375 0.068333335 0.798125 0.0825 0.82125 0.08416667 0.8425 0.058333334 0.8425 0.029166667 0.826875 0.0033333334
0 0.2225 0.8183333 0.204375 0.8275 0.195 0.855 0.201875 0.87916666 0.2225 0.89166665 0.240625 0.8825 0.25 0.855 0.243125 0.8308333
0 0.526875 0.575 0.501875 0.58666664 0.489375 0.61833334 0.49375 0.6525 0.521875 0.68083334 0.546875 0.65166664 0.55375 0.62416667 0.549375 0.5925
0 0.89375 0.26083332 0.87375 0.27 0.865625 0.28166667 0.860625 0.305 0.8675 0.33166668 0.87625 0.3425 0.89375 0.34916666 0.91375 0.34 0.921875 0.32833335 0.926875 0.305 0.92 0.27833334 0.91125 0.2675
