0 0.0 0.15083334 0.0 0.24083333 0.025625 0.2325 0.03375 0.22083333 0.039375 0.19583334 0.0325 0.16833334 0.02375 0.1575
0 0.656875 0.62583333 0.63375 0.6375 0.621875 0.6725 0.630625 0.7033333 0.656875 0.7191667 0.68 0.7075 0.691875 0.6725 0.683125 0.64166665
0 0.32125 0.036666665 0.309375 0.05666667 0.309375 0.07416666 0.3175 0.0975 0.34 0.11083333 0.3675 0.1 0.37625 0.0775 0.3675 0.045 0.34375 0.029166667
0 0.665 0.00083333335 0.67125 0.0375 0.695 0.0575 0.7225 0.04916667 0.7375 0.0175 0.736875 0.0
0 0.663125 0.43916667 0.645 0.44833332 0.635625 0.47583333 0.6425 0.5 0.663125 0.5125 0.68125 0.50333333 0.690625 0.47583333 0.68375 0.45166665
0 0.556875 0.09833334 0.543125 0.10583334 0.54375 0.19083333 0.57 0.19833334 0.581875 0.1925 0.593125 0.17583333 0.5975 0.14083333 0.593125 0.12 0.583125 0.10583334
0 0.895 0.83666664 0.883125 0.8566667 0.883125 0.87416667 0.89125 0.8975 0.91375 0.91083336 0.94125 0.9 0.95 0.8775 0.94125 0.845 0.9175 0.82916665
0 0.26125 0.6875 0.2475 0.695 0.248125 0.78 0.274375 0.7875 0.28625 0.7816667 0.2975 0.765 0.301875 0.73 0.2975 0.70916665 0.2875 0.695
0 0.751875 0.33833334 0.74625 0.34583333 0.744375 0.36916667 0.735 0.3825 0.739375 0.4125 0.758125 0.4375 0.786875 0.43416667 0.798125 0.40666667 0.7925 0.36916667 0.774375 0.3425
0 0.79875 0.76666665 0.784375 0.7733333 0.77875 0.7816667 0.775 0.79833335 0.78 0.8175 0.78625 0.825 0.79875 0.83 0.813125 0.8233333 0.81875 0.815 0.8225 0.79833335 0.8175 0.77916664 0.81125 0.77166665
0 0.19875 0.64166665 0.178125 0.66333336 0.175 0.68416667 0.179375 0.70666665 0.204375 0.7291667 0.228125 0.72583336 0.244375 0.70666665 0.245 0.67583334 0.228125 0.6475
0 0.531875 0.6725 0.5125 0.68583333 0.5025 0.7058333 0.5025 0.7183333 0.514375 0.75333333 0.54375 0.76416665 0.563125 0.75 0.57 0.71166664 0.559375 0.68416667
0 0.438125 0.31 0.426875 0.33666667 0.434375 0.37083334 0.455625 0.38583332 0.476875 0.38333333 0.486875 0.37333333 0.495 0.34666666 0.486875 0.3175 0.469375 0.30333334
0 0.025 0.71666664 0.01125 0.7216667 0.0 0.73833334 0.00125 0.77166665 0.01125 0.785 0.025 0.79 0.043125 0.7808333 0.0525 0.75333333 0.045625 0.7291667
0 0.4475 0.41666666 0.43125 0.42416668 0.42375 0.43583333 0.420625 0.4525 0.42625 0.47416666 0.435 0.48416665 0.4475 0.48833334 0.46375 0.48083332 0.47125 0.46916667 0.474375 0.4525 0.46875 0.43083334 0.46 0.42083332
0 0.81 0.20083334 0.785625 0.20416667 0.76625 0.22666667 0.761875 0.255 0.773125 0.27916667 0.795625 0.28833333 0.82125 0.27166668 0.829375 0.25166667 0.83 0.23416667 0.823125 0.2125
0 0.82875 0.62666667 0.804375 0.6741667 0.808125 0.7 0.828125 0.72583336 0.861875 0.7325 0.855625 0.6766667 0.86375 0.645 0.844375 0.62083334
