0 0.359375 0.54583335 0.3325 0.55916667 0.318125 0.60083336 0.328125 0.63666666 0.359375 0.6558333 0.38625 0.6425 0.400625 0.60083336 0.390625 0.565
0 0.463125 0.34 0.445625 0.365 0.44875 0.3975 0.463125 0.42416668 0.486875 0.42833334 0.50125 0.41833332 0.511875 0.39916667 0.51125 0.3675 0.49 0.34833333
0 0.151875 0.045 0.133125 0.053333335 0.125625 0.064166665 0.120625 0.086666666 0.126875 0.111666664 0.135 0.12166667 0.151875 0.12833333 0.170625 0.12 0.178125 0.10916667 0.183125 0.086666666 0.176875 0.061666667 0.16875 0.051666666
0 0.75625 0.84583336 0.74625 0.8466667 0.726875 0.8625 0.719375 0.9266667 0.744375 0.9375 0.763125 0.92833334 0.761875 0.90416664 0.770625 0.86833334 0.765 0.8525
0 0.1375 0.085 0.1225 0.09166667 0.115625 0.10166667 0.111875 0.119166665 0.116875 0.13916667 0.124375 0.14833333 0.1375 0.15333334 0.1525 0.14666666 0.159375 0.13666667 0.163125 0.119166665 0.158125 0.09916667 0.150625 0.09
0 0.504375 0.41416666 0.494375 0.415 0.475 0.43083334 0.4675 0.495 0.4925 0.5058333 0.51125 0.49666667 0.51 0.4725 0.51875 0.43666667 0.513125 0.42083332
0 0.5225 0.78333336 0.490625 0.7991667 0.47375 0.84833336 0.485625 0.8908333 0.5225 0.91333336 0.554375 0.8975 0.57125 0.84833336 0.559375 0.80583334
0 0.46875 0.16 0.445625 0.17166667 0.43375 0.20666666 0.4425 0.2375 0.46875 0.25333333 0.491875 0.24166666 0.50375 0.20666666 0.495 0.17583333
0 0.68625 0.535 0.66625 0.5775 0.67125 0.59583336 0.6925 0.6 0.713125 0.62166667 0.72875 0.615 0.7475 0.5925 0.750625 0.5708333 0.72875 0.5391667 0.715 0.52916664
0 0.649375 0.7941667 0.645625 0.8208333 0.61875 0.8375 0.629375 0.8625 0.66875 0.88 0.685625 0.8616667 0.6925 0.8325 0.673125 0.8041667
0 0.0 0.14916667 0.0 0.2575 0.01 0.25916666 0.03625 0.24666667 0.04875 0.22416666 0.051875 0.20333333 0.0425 0.16833334 0.025625 0.15166667
0 0.4475 0.0625 0.430625 0.07083333 0.42125 0.0975 0.4275 0.12 0.4475 0.1325 0.464375 0.12416667 0.47375 0.0975 0.4675 0.075
0 0.134375 0.0 0.126875 0.021666666 0.13125 0.039166667 0.144375 0.050833333 0.1625 0.045833334 0.17125 0.028333334 0.1675 0.004166667 0.164375 0.0
0 0.1625 0.6091667 0.123125 0.5941667 0.095 0.61 0.0825 0.63166666 0.09875 0.6566667 0.09125 0.68416667 0.1125 0.6958333 0.14375 0.6825 0.156875 0.6575
0 0.683125 0.20333333 0.66375 0.22083333 0.66 0.25833333 0.67 0.28166667 0.696875 0.295 0.719375 0.275 0.724375 0.2425 0.710625 0.2125
