0 0.41615227 0.26898047 0.3945473 0.2682574 0.3888889 0.28199565 0.38940328 0.36297902 0.40689301 0.3557484 0.41718107 0.3383948 0.42644033 0.28488794
0 0.60339504 0.15039769 0.59619343 0.13304411 0.58899176 0.12436732 0.5828189 0.12436732 0.5643004 0.1352133 0.55658436 0.14316703 0.5555556 0.15184382
0 0.7217078 0.7346349 0.6923868 0.7498192 0.67644036 0.7982646 0.6872428 0.8394794 0.7217078 0.8618944 0.75102884 0.84671 0.7669753 0.7982646 0.75617284 0.7570499
0 0.0787037 0.395517 0.07150206 0.3991323 0.068415634 0.4041938 0.066872425 0.4121475 0.06944445 0.42227042 0.07304527 0.42660883 0.0787037 0.42877802 0.08590535 0.4251627 0.08899177 0.42010123 0.09053498 0.4121475 0.08796296 0.4020246 0.08436214 0.39768618
0 0.39711934 0.5307303 0.38580248 0.5466378 0.37808642 0.5871294 0.38014403 0.6102675 0.4058642 0.6052061 0.42592594 0.6254519 0.44855967 0.5929139 0.4212963 0.53796095 0.41152263 0.53000724
0 0.35339507 0.5018077 0.3276749 0.51482284 0.3158436 0.5372379 0.3127572 0.55892986 0.32201645 0.5950832 0.33796296 0.61171365 0.35339507 0.61605203 0.37911522 0.6030369 0.3909465 0.58062184 0.39403293 0.55892986 0.38477367 0.52277654 0.36882716 0.5061461
0 0.032407407 0.230658 0.0 0.24873464 0.0 0.3470716 0.032407407 0.36514822 0.063271604 0.34924078 0.08024691 0.29790312 0.068930045 0.25451916
0 0.9048354 0.30947217 0.88786006 0.30730295 0.8734568 0.32321042 0.86934155 0.34417933 0.8791152 0.37165582 0.89248973 0.3506869 0.91820985 0.34634852 0.9146091 0.32393348
0 0.042695474 0.013015185 0.030349795 0.018799711 0.025205761 0.026753435 0.022119341 0.041937817 0.026234567 0.059291396 0.031893004 0.066522054 0.042695474 0.070860445 0.055041153 0.06507592 0.060185187 0.057122197 0.063271604 0.041937817 0.059156377 0.024584237 0.053497944 0.01735358
0 0.34927982 0.08604483 0.32150206 0.10050615 0.30658436 0.14605929 0.31687242 0.18510485 0.34927982 0.20607375 0.3770576 0.19161244 0.3919753 0.14605929 0.38168725 0.10701374
