0 0.86 0.23083334 0.8375 0.25666666 0.834375 0.28333333 0.869375 0.31833333 0.8875 0.3175 0.905625 0.2975 0.905 0.2625 0.885 0.23166667
0 0.00375 0.6383333 0.0 0.645 0.000625 0.7225 0.011875 0.72333336 0.0325 0.7075 0.035625 0.68333334 0.031875 0.6566667
0 0.764375 0.25 0.753125 0.26833335 0.75125 0.28333333 0.75875 0.31666666 0.78375 0.33416668 0.8075 0.325 0.820625 0.29833335 0.82125 0.28166667 0.81375 0.25916666 0.790625 0.24333334
0 0.744375 0.045833334 0.7475 0.07333333 0.75875 0.0975 0.775625 0.105 0.794375 0.086666666 0.8 0.045833334
0 0.61 0.7625 0.58125 0.76416665 0.565625 0.7866667 0.566875 0.83166665 0.583125 0.85333335 0.604375 0.8516667 0.624375 0.8283333 0.62625 0.7891667
0 0.764375 0.11416667 0.7475 0.14166667 0.75125 0.1875 0.774375 0.20916666 0.801875 0.20666666 0.8175 0.17916666 0.814375 0.14416666 0.7925 0.115
0 0.811875 0.48916668 0.790625 0.5 0.78 0.5316667 0.788125 0.56 0.811875 0.57416666 0.833125 0.56333333 0.84375 0.5316667 0.835625 0.50333333
0 0.435625 0.5441667 0.420625 0.55083334 0.41375 0.56083333 0.41 0.5783333 0.415 0.59833336 0.4225 0.6075 0.435625 0.6125 0.450625 0.60583335 0.4575 0.59583336 0.46125 0.5783333 0.45625 0.55833334 0.44875 0.5491667
0 0.29125 0.75416666 0.2625 0.7683333 0.246875 0.81333333 0.2575 0.8516667 0.29125 0.8725 0.32 0.85833335 0.335625 0.81333333 0.325 0.775
0 0.576875 0.20333333 0.541875 0.22 0.526875 0.245 0.52125 0.2775 0.53375 0.32416666 0.5525 0.34416667 0.576875 0.35166666 0.611875 0.335 0.626875 0.31 0.6325 0.2775 0.62 0.23083334 0.60125 0.21083333
