0 0.791875 0.3725 0.788125 0.39916667 0.76125 0.41583332 0.771875 0.44083333 0.81125 0.45833334 0.828125 0.44 0.835 0.41083333 0.815625 0.3825
0 0.0075 0.083333336 0.0 0.085 0.0 0.165 0.0075 0.16666667 0.02625 0.15833333 0.03375 0.1475 0.03875 0.125 0.0325 0.1 0.024375 0.09
0 0.434375 0.30916667 0.420625 0.28916666 0.408125 0.28166667 0.396875 0.28333333 0.3775 0.3 0.368125 0.33416668 0.434375 0.33666667
0 0.8525 0.026666667 0.845 0.03 0.84 0.043333333 0.8425 0.053333335 0.8525 0.06 0.86 0.05666667 0.865 0.043333333 0.8625 0.033333335
0 0.36 0.8541667 0.340625 0.87166667 0.336875 0.9091667 0.346875 0.9325 0.37375 0.9458333 0.39625 0.92583334 0.40125 0.8933333 0.3875 0.86333334
0 0.118125 0.575 0.1 0.56416667 0.078125 0.56666666 0.060625 0.5825 0.054375 0.6091667 0.07375 0.63916665 0.10125 0.62166667 0.12 0.625 0.1275 0.595
0 0.646875 0.2425 0.631875 0.24916667 0.625 0.25916666 0.62125 0.27666667 0.62625 0.29666665 0.63375 0.30583334 0.646875 0.31083333 0.661875 0.30416667 0.66875 0.29416665 0.6725 0.27666667 0.6675 0.25666666 0.66 0.2475
0 0.319375 0.104166664 0.3025 0.111666664 0.295 0.1225 0.290625 0.1425 0.29625 0.165 0.304375 0.175 0.319375 0.18083334 0.33625 0.17333333 0.34375 0.1625 0.348125 0.1425 0.3425 0.12 0.334375 0.11
0 0.653125 0.7 0.631875 0.7316667 0.635 0.74916667 0.661875 0.7816667 0.68 0.77916664 0.694375 0.7525 0.695 0.72083336 0.678125 0.7008333
0 0.9375 0.26166666 0.9225 0.26916668 0.914375 0.2925 0.92 0.3125 0.9375 0.32333332 0.9525 0.31583333 0.960625 0.2925 0.955 0.2725
0 0.025625 0.0 0.0 0.0 0.0 0.068333335 0.013125 0.06666667 0.02875 0.05 0.03375 0.0275
0 0.38 0.34583333 0.358125 0.34583333 0.333125 0.3725 0.333125 0.4025 0.346875 0.42416668 0.373125 0.42833334 0.390625 0.40916666 0.396875 0.38916665 0.39625 0.36916667
0 0.80875 0.23916666 0.78125 0.2525 0.769375 0.27333334 0.765625 0.29666665 0.775625 0.33333334 0.79125 0.34916666 0.80875 0.35416666 0.83625 0.34083334 0.848125 0.32 0.851875 0.29666665 0.841875 0.26 0.82625 0.24416667
0 0.715625 0.020833334 0.710625 0.045 0.740625 0.045 0.74375 0.039166667 0.743125 0.055833332 0.740625 0.04916667 0.71125 0.04916667 0.7225 0.06916667 0.733125 0.0775 0.760625 0.0775 0.760625 0.028333334 0.750625 0.015 0.73375 0.009166666
0 0.13625 0.35833332 0.12875 0.36166668 0.125625 0.36583334 0.123125 0.37583333 0.125625 0.38583332 0.12875 0.39 0.13625 0.39333335 0.14375 0.39 0.146875 0.38583332 0.149375 0.37583333 0.146875 0.36583334 0.14375 0.36166668
