0 0.3425 0.875 0.33375 0.9025 0.336875 0.9241667 0.35125 0.94083333 0.363125 0.9425 0.373125 0.9375 0.383125 0.92083335 0.38375 0.8908333 0.38 0.88 0.37375 0.875
0 0.71375 0.85 0.699375 0.8575 0.6925 0.87833333 0.698125 0.8975 0.71375 0.9066667 0.728125 0.89916664 0.735 0.87833333 0.729375 0.8591667
0 0.4175 0.4425 0.39875 0.45166665 0.388125 0.48166665 0.395 0.50666666 0.4175 0.5208333 0.43625 0.51166666 0.446875 0.48166665 0.44 0.45666668
0 0.866875 0.7 0.8475 0.7158333 0.8425 0.75083333 0.853125 0.775 0.875625 0.7825 0.894375 0.7675 0.899375 0.7366667 0.88625 0.70666665
0 0.6475 0.51 0.62625 0.5208333 0.615625 0.5525 0.62375 0.5808333 0.6475 0.595 0.66875 0.58416665 0.679375 0.5525 0.67125 0.52416664
0 0.249375 0.7633333 0.216875 0.7808333 0.2025 0.8258333 0.215625 0.8691667 0.249375 0.8883333 0.281875 0.87083334 0.29625 0.8258333 0.283125 0.7825
0 0.82625 0.083333336 0.821875 0.1025 0.83 0.15333334 0.8475 0.16666667 0.885 0.1675 0.878125 0.125 0.9 0.093333334 0.89 0.08583333 0.8675 0.090833336 0.848125 0.079166666
0 0.238125 0.18666667 0.230625 0.19 0.225625 0.20333333 0.228125 0.21333334 0.238125 0.22 0.245625 0.21666667 0.250625 0.20333333 0.248125 0.19333333
0 0.686875 0.56416667 0.679375 0.5675 0.674375 0.5808333 0.676875 0.5908333 0.686875 0.5975 0.694375 0.5941667 0.699375 0.5808333 0.696875 0.5708333
0 0.853125 0.42166665 0.828125 0.43416667 0.815 0.4725 0.824375 0.5058333 0.853125 0.5233333 0.878125 0.5108333 0.89125 0.4725 0.881875 0.43916667
0 0.614375 0.020833334 0.62375 0.0375 0.6425 0.04 0.66125 0.019166667 0.66875 0.0 0.614375 0.00083333335
0 0.455625 0.05 0.445625 0.054166667 0.440625 0.060833335 0.4375 0.07416666 0.440625 0.0875 0.445625 0.094166666 0.455625 0.09833334 0.465625 0.094166666 0.470625 0.0875 0.47375 0.07416666 0.470625 0.060833335 0.465625 0.054166667
0 0.69375 0.6408333 0.665 0.6558333 0.65125 0.6975 0.6625 0.73583335 0.69375 0.75416666 0.7225 0.7391667 0.73625 0.6975 0.725 0.6591667
0 0.010625 0.07333333 0.0 0.086666666 0.0 0.1225 0.013125 0.1375 0.034375 0.14083333 0.03875 0.1375 0.03875 0.075 0.02125 0.07
