0 0.12875 0.3375 0.11 0.34666666 0.099375 0.37666667 0.10625 0.40166667 0.12875 0.41583332 0.1475 0.40666667 0.158125 0.37666667 0.15125 0.35166666
0 0.470625 0.5341667 0.44375 0.5475 0.429375 0.58916664 0.439375 0.625 0.470625 0.64416665 0.4975 0.6308333 0.511875 0.58916664 0.501875 0.55333334
0 0.53375 0.5808333 0.498125 0.5991667 0.480625 0.65166664 0.494375 0.69916666 0.53375 0.7225 0.569375 0.70416665 0.586875 0.65166664 0.573125 0.6041667
0 0.550625 0.11083333 0.53875 0.108333334 0.518125 0.12 0.513125 0.14916667 0.52375 0.17 0.55375 0.17083333 0.561875 0.16166666 0.565 0.13333334
0 0.563125 0.85083336 0.509375 0.8616667 0.4975 0.8925 0.49625 0.91083336 0.51125 0.93666667 0.5275 0.93916667 0.54875 0.9191667
0 0.18375 0.39 0.189375 0.41083333 0.2025 0.42166665 0.209375 0.44666666 0.228125 0.44416666 0.24375 0.42166665 0.24375 0.41166666 0.235 0.4025 0.196875 0.38916665
0 0.151875 0.14583333 0.115625 0.16333333 0.099375 0.1925 0.095 0.22166666 0.108125 0.27 0.13 0.29166666 0.151875 0.2975 0.188125 0.28 0.204375 0.25083333 0.20875 0.22166666 0.195625 0.17333333 0.17375 0.15166667
0 0.1775 0.7108333 0.1475 0.71666664 0.133125 0.7416667 0.119375 0.7425 0.136875 0.775 0.13375 0.81083333 0.16125 0.8041667 0.1775 0.7875
0 0.644375 0.07083333 0.6175 0.08416667 0.603125 0.12583333 0.613125 0.16166666 0.644375 0.18083334 0.67125 0.1675 0.685625 0.12583333 0.675625 0.09
0 0.38375 0.21333334 0.373125 0.2425 0.350625 0.25666666 0.35375 0.27 0.37 0.29 0.40875 0.29416665 0.4225 0.27083334 0.414375 0.21833333 0.40125 0.20916666
0 0.854375 0.7875 0.845 0.8225 0.84875 0.8408333 0.859375 0.8566667 0.8825 0.8591667 0.91125 0.84166664 0.913125 0.8125 0.89375 0.78333336
0 0.256875 0.15416667 0.215625 0.175 0.194375 0.2375 0.21 0.2925 0.256875 0.32083333 0.298125 0.3 0.319375 0.2375 0.30375 0.1825
0 0.231875 0.025 0.243125 0.059166666 0.28125 0.0675 0.3 0.045833334 0.30375 0.019166667 0.29875 0.0 0.23875 0.0
0 0.256875 0.41416666 0.245625 0.41916665 0.24 0.42833334 0.238125 0.43916667 0.241875 0.45416668 0.24875 0.46166667 0.256875 0.46416667 0.268125 0.45916668 0.27375 0.45 0.275625 0.43916667 0.271875 0.42416668 0.265 0.41666666
0 0.87625 0.5 0.845 0.50083333 0.814375 0.555 0.813125 0.59833336 0.83 0.62666667 0.860625 0.6175 0.885 0.5525 0.88875 0.5233333
0 0.54 0.048333332 0.539375 0.08166666 0.553125 0.10333333 0.591875 0.14583333 0.6 0.14666666 0.6125 0.13416667 0.611875 0.105 0.589375 0.051666666 0.57125 0.039166667
