0 0.36625 0.1875 0.333125 0.16 0.30125 0.1625 0.285 0.17833333 0.28 0.21416667 0.28375 0.22166666 0.34 0.2425 0.361875 0.225
0 0.095625 0.29416665 0.068125 0.3075 0.05625 0.32833335 0.0525 0.35166666 0.0625 0.38833332 0.078125 0.40416667 0.095625 0.40916666 0.123125 0.39583334 0.135 0.375 0.13875 0.35166666 0.12875 0.315 0.113125 0.29916668
0 0.76875 0.435 0.75375 0.44166666 0.746875 0.45166665 0.743125 0.46916667 0.748125 0.48916668 0.755625 0.49833333 0.76875 0.50333333 0.78375 0.49666667 0.790625 0.48666668 0.794375 0.46916667 0.789375 0.44916666 0.781875 0.44
0 0.34375 0.1425 0.326875 0.16166666 0.321875 0.18833333 0.33375 0.20666666 0.364375 0.2125 0.378125 0.1975 0.383125 0.18166667 0.381875 0.1625 0.374375 0.1475 0.3625 0.14
0 0.541875 0.68916667 0.515625 0.7008333 0.504375 0.7175 0.498125 0.7475 0.506875 0.7825 0.519375 0.7975 0.541875 0.80583334 0.568125 0.7941667 0.579375 0.7775 0.585625 0.7475 0.576875 0.7125 0.564375 0.6975
0 0.508125 0.0 0.50875 0.025 0.515625 0.041666668 0.526875 0.050833333 0.56125 0.04916667 0.576875 0.0225 0.575 0.0
0 0.704375 0.24333334 0.675625 0.25833333 0.661875 0.3 0.673125 0.33833334 0.704375 0.35666665 0.733125 0.34166667 0.746875 0.3 0.735625 0.26166666
0 0.1725 0.7758333 0.1675 0.8 0.1975 0.8 0.200625 0.7941667 0.2 0.81083333 0.1975 0.8041667 0.168125 0.8041667 0.179375 0.82416666 0.19 0.8325 0.2175 0.8325 0.2175 0.78333336 0.2075 0.77 0.190625 0.76416665
0 0.853125 0.155 0.836875 0.17833333 0.83875 0.215 0.86 0.24416667 0.88125 0.24666667 0.89625 0.22916667 0.904375 0.2 0.88 0.16166666
0 0.5425 0.135 0.51625 0.14666666 0.505 0.16333333 0.49875 0.19333333 0.5075 0.22833334 0.52 0.24333334 0.5425 0.25166667 0.56875 0.24 0.58 0.22333333 0.58625 0.19333333 0.5775 0.15833333 0.565 0.14333333
0 0.616875 0.0125 0.59125 0.0025 0.56 0.023333333 0.555625 0.0575 0.564375 0.0825 0.576875 0.094166666 0.605 0.09166667 0.623125 0.075 0.63125 0.045
0 0.535 0.70916665 0.4975 0.69416666 0.48 0.6975 0.465 0.71166664 0.458125 0.75416666 0.48 0.7975 0.51 0.7925 0.539375 0.76166666 0.545 0.735
0 0.221875 0.23166667 0.2075 0.2375 0.19125 0.25583333 0.19125 0.285 0.204375 0.3125 0.228125 0.32 0.244375 0.31333333 0.25875 0.27083334 0.245625 0.24
