0 0.5488683 0.66377443 0.53806585 0.6688359 0.5329218 0.6767896 0.5303498 0.6898048 0.5339506 0.70498914 0.5396091 0.71221983 0.5488683 0.71583515 0.5596708 0.7107737 0.5648148 0.70281994 0.5673868 0.6898048 0.56378603 0.6746204 0.5581276 0.66738975
0 0.4058642 0.41576284 0.40072018 0.41793203 0.39763373 0.42227042 0.39609054 0.4295011 0.39763373 0.43673176 0.40072018 0.44107014 0.4058642 0.44323933 0.41100824 0.44107014 0.41409466 0.43673176 0.41563785 0.4295011 0.41409466 0.42227042 0.41100824 0.41793203
0 0.26234567 0.5943601 0.22993827 0.6124367 0.21502058 0.6608821 0.22788066 0.70643526 0.26234567 0.7274042 0.29475307 0.7093276 0.30967078 0.6608821 0.2968107 0.61532897
0 0.04835391 0.32682574 0.03600823 0.33261028 0.030864198 0.34056398 0.027777778 0.3557484 0.031893004 0.37310195 0.03755144 0.38033262 0.04835391 0.384671 0.06069959 0.3788865 0.06584362 0.37093276 0.068930045 0.3557484 0.06481481 0.3383948 0.059156377 0.33116412
0 0.5416667 0.5018077 0.52623457 0.50469995 0.5144033 0.52277654 0.5164609 0.5625452 0.52469134 0.58279103 0.53600824 0.5892986 0.5529835 0.58206797 0.5606996 0.5516992 0.56121397 0.51626897
0 0.4825103 0.05133767 0.4516461 0.038322486 0.4053498 0.0845987 0.39300412 0.13882864 0.41409466 0.17208967 0.42798355 0.16775127 0.44753087 0.105567604 0.41769546 0.07447578 0.44958848 0.10412148 0.4722222 0.09327549
0 0.56893003 0.19378163 0.56378603 0.2154736 0.56841564 0.24150398 0.58744854 0.22993493 0.6018519 0.23138106 0.6095679 0.23861171 0.6116255 0.21258135 0.6085391 0.2010123 0.59876543 0.1879971 0.5900206 0.18221258 0.5771605 0.18293564
0 0.113168724 0.5090383 0.099279836 0.49168473 0.086419754 0.48951554 0.06430041 0.51626897 0.05812757 0.5350687 0.11265432 0.5350687
0 0.029320987 0.8987708 0.012345679 0.8966016 0.0 0.9088937 0.0 0.9530007 0.003600823 0.9609544 0.016975308 0.9399855 0.042695474 0.93564713 0.03909465 0.9132321
0 0.61882716 0.06362979 0.61934155 0.06941432 0.67026746 0.06941432 0.6558642 0.048445407 0.6435185 0.04121475 0.63374484 0.044107012 0.62191355 0.055676065
0 0.055555556 0.5061461 0.025720164 0.5213304 0.012345679 0.5466378 0.008744856 0.5719451 0.019547325 0.61388284 0.03755144 0.63268256 0.055555556 0.637744 0.08539095 0.62255967 0.09876543 0.59725237 0.102366254 0.5719451 0.09156378 0.53000724 0.07355967 0.5112075
0 0.7947531 0.1879971 0.779321 0.19595084 0.7705761 0.2219812 0.77623457 0.24367318 0.7947531 0.2559653 0.8101852 0.24801157 0.81893003 0.2219812 0.8132716 0.20028922
