0 0.555 0.32666665 0.538125 0.2825 0.51125 0.2725 0.49875 0.28 0.4875 0.30583334 0.466875 0.31916666 0.455 0.345 0.555625 0.345
0 0.096875 0.42916667 0.0575 0.44833332 0.035625 0.5108333 0.05 0.56333333 0.096875 0.5925 0.13625 0.5733333 0.158125 0.5108333 0.14375 0.45833334
0 0.495 0.62666667 0.47125 0.6358333 0.46125 0.6558333 0.459375 0.69166666 0.476875 0.70916665 0.500625 0.7075 0.5175 0.685 0.515625 0.65
0 0.93625 0.14583333 0.919375 0.15333334 0.911875 0.16416667 0.9075 0.18416667 0.913125 0.20666666 0.92125 0.21666667 0.93625 0.2225 0.953125 0.215 0.960625 0.20416667 0.965 0.18416667 0.959375 0.16166666 0.95125 0.15166667
0 0.173125 0.72 0.16 0.7266667 0.153125 0.74666667 0.158125 0.76416665 0.173125 0.7733333 0.18625 0.76666665 0.193125 0.74666667 0.188125 0.7291667
0 0.661875 0.21083333 0.641875 0.22083333 0.63125 0.25166667 0.63875 0.27833334 0.661875 0.2925 0.681875 0.2825 0.6925 0.25166667 0.685 0.225
0 0.184375 0.52916664 0.166875 0.5441667 0.1625 0.56166667 0.165 0.585 0.184375 0.6075
0 0.72125 0.79833335 0.71 0.825 0.71 0.8433333 0.718125 0.8675 0.754375 0.8875 0.760625 0.87166667 0.775625 0.8566667 0.7725 0.8233333 0.740625 0.795
0 0.62375 0.185 0.599375 0.19666667 0.588125 0.21666667 0.585 0.23666666 0.59375 0.26916668 0.60875 0.28416666 0.62375 0.28833333 0.648125 0.27666667 0.659375 0.25666666 0.6625 0.23666666 0.65375 0.20416667 0.63875 0.18916667
0 0.329375 0.35666665 0.303125 0.36916667 0.290625 0.39166668 0.2875 0.4125 0.296875 0.4475 0.31375 0.46416667 0.329375 0.46833333 0.355625 0.45583335 0.368125 0.43333334 0.37125 0.4125 0.361875 0.3775 0.345 0.36083335
0 0.44 0.55083334 0.4175 0.56083333 0.406875 0.5775 0.4025 0.60083336 0.41 0.6308333 0.4225 0.645 0.44 0.6508333 0.4625 0.6408333 0.473125 0.62416667 0.4775 0.60083336 0.47 0.5708333 0.4575 0.5566667
