0 0.07304527 0.69848156 0.055555556 0.07736804
0 0.33024693 0.3615329 0.053497944 0.060737528
0 0.7227366 0.80187994 0.038065843 0.05350687
0 0.2037037 0.6471439 0.060185187 0.0824295
0 0.7623457 0.7208966 0.04526749 0.06362979
0 0.43055555 0.12075199 0.068930045 0.096890815
0 0.18209876 0.14099783 0.0627572 0.088214025
0 0.88323045 0.7245119 0.038065843 0.05350687
0 0.86728394 0.8669559 0.05452675 0.081706434
0 0.31790122 0.09616775 0.058641974 0.0824295
0 0.7217078 0.4815618 0.03909465 0.054953
0 0.17541152 0.024584237 0.05452675 0.07664497
0 0.20781893 0.47505423 0.058641974 0.06941432
0 0.93209875 0.7114968 0.049382716 0.06941432
0 0.24588478 0.079537235 0.0622428 0.0867679
0 0.5853909 0.80477226 0.052983537 0.07809111
