0 0.16872428 0.42588577 0.06584362 0.09255242
0 0.7731481 0.2704266 0.044238683 0.06218366
0 0.09619342 0.8778019 0.06635802 0.090383224
0 0.24331276 0.60954446 0.026748972 0.037599422
0 0.49485597 0.34273317 0.056584362 0.079537235
0 0.7227366 0.78741866 0.053497944 0.07592191
0 0.2186214 0.8076645 0.047325104 0.066522054
0 0.6640946 0.47722343 0.053497944 0.075198844
0 0.38425925 0.57845265 0.06069959 0.0824295
0 0.34927982 0.879248 0.026748972 0.037599422
0 0.79526746 0.77946496 0.044238683 0.08532176
0 0.4845679 0.89081705 0.055041153 0.07664497
0 0.09516461 0.83658713 0.053497944 0.081706434
