0 0.46625 0.64 0.065 0.086666666
0 0.88375 0.5225 0.0375 0.05
0 0.6375 0.1175 0.05625 0.0725
0 0.526875 0.84 0.05375 0.071666665
0 0.3575 0.54 0.07375 0.09833334
0 0.435625 0.75666666 0.050625 0.068333335
0 0.5325 0.255 0.03875 0.061666667
0 0.24625 0.24916667 0.06 0.08
0 0.205625 0.04083333 0.03375 0.045
0 0.235625 0.8325 0.050625 0.068333335
0 0.00125 0.6225 0.069375 0.07666667
0 0.15875 0.104166664 0.07125 0.095
0 0.849375 0.6925 0.04 0.053333335
0 0.76375 0.27583334 0.053125 0.04
0 0.400625 0.5275 0.02875 0.038333334
0 0.766875 0.38083333 0.063125 0.0825
0 0.809375 0.006666667 0.035 0.046666667
0 0.67625 0.73833334 0.0925 0.123333335
0 0.58375 0.295 0.0275 0.08833333
