0 0.70375 0.52916664 0.104375 0.11833333
0 0.266875 0.32666665 0.08 0.10666667
0 0.216875 0.04083333 0.06875 0.09166667
0 0.8725 0.875 0.06375 0.04083333
0 0.81 0.8466667 0.08875 0.1225
0 0.8025 0.051666666 0.06625 0.08583333
0 0.765 0.18416667 0.08625 0.115
0 0.928125 0.18 0.03625 0.048333332
0 0.62125 0.845 0.0775 0.09833334
0 0.441875 0.9 0.069375 0.090833336
0 0.450625 0.5325 0.0525 0.07
0 0.68375 0.07416666 0.065625 0.085
0 0.746875 0.86583334 0.06875 0.090833336
0 0.674375 0.93833333 0.03 0.04
0 0.385625 0.50916666 0.06625 0.08583333
0 0.249375 0.07083333 0.0875 0.08416667
0 0.68875 0.14416666 0.0825 0.10333333
0 0.046875 0.2625 0.085 0.100833334
0 0.435 0.8408333 0.064375 0.0975
