0 0.4575 0.06333333 0.035 0.046666667
0 0.74875 0.38416666 0.061875 0.08083333
0 0.075625 0.15333334 0.0575 0.090833336
0 0.475625 0.47333333 0.061875 0.090833336
0 0.518125 0.8258333 0.085 0.12916666
0 0.289375 0.56416667 0.06125 0.08166666
0 0.795 0.5808333 0.05125 0.068333335
0 0.066875 0.6358333 0.05625 0.1
0 0.829375 0.17 0.07375 0.09833334
0 0.54 0.36666667 0.04375 0.058333334
0 0.220625 0.5183333 0.08375 0.111666664
0 0.73375 0.36916667 0.068125 0.075833336
0 0.658125 0.39333335 0.0725 0.096666664
0 0.149375 0.46333334 0.03875 0.051666666
0 0.20875 0.25916666 0.05875 0.05666667
0 0.020625 0.32083333 0.05625 0.075
0 0.75125 0.89166665 0.07 0.085
0 0.234375 0.6025 0.069375 0.08583333
