0 0.008125 0.7658333 0.0925 0.123333335
0 0.6625 0.83916664 0.06 0.08
0 0.828125 0.795 0.059375 0.07416666
0 0.1525 0.016666668 0.03375 0.045
0 0.895625 0.82166666 0.0575 0.079166666
0 0.916875 0.2725 0.06375 0.06916667
0 0.225 0.59583336 0.04875 0.065
0 0.47 0.7683333 0.05375 0.071666665
0 0.776875 0.495 0.05875 0.07833333
0 0.004375 0.67083335 0.1025 0.13666667
0 0.428125 0.2875 0.075 0.1
0 0.188125 0.16583334 0.075625 0.13833334
0 0.291875 0.14833333 0.04625 0.061666667
0 0.580625 0.15166667 0.11125 0.14833333
0 0.77625 0.59833336 0.06375 0.06916667
0 0.453125 0.22333333 0.08 0.10666667
0 0.323125 0.010833333 0.08125 0.105
