0 0.255 0.81166667 0.06125 0.08166666
0 0.563125 0.81083333 0.06875 0.09166667
0 0.29 0.885 0.12625 0.08083333
0 0.81625 0.73083335 0.1225 0.16333333
0 0.685625 0.37166667 0.105 0.14
0 0.301875 0.70666665 0.0725 0.096666664
0 0.731875 0.41166666 0.090625 0.0775
0 0.348125 0.78333336 0.089375 0.115
0 0.64875 0.7416667 0.12625 0.16833334
0 0.579375 0.23 0.0775 0.10333333
0 0.320625 0.38583332 0.11375 0.15166667
0 0.22625 0.625 0.11375 0.15166667
0 0.760625 0.045833334 0.07875 0.105
0 0.450625 0.033333335 0.0825 0.08833333
0 0.275 0.7708333 0.10125 0.135
