0 0.263125 0.645 0.09375 0.125
0 0.82125 0.40583333 0.065625 0.08
0 0.663125 0.36666667 0.03875 0.061666667
0 0.823125 0.7633333 0.04125 0.0775
0 0.003125 0.56666666 0.059375 0.079166666
0 0.50625 0.465 0.02625 0.035
0 0.639375 0.7325 0.06125 0.1
0 0.00875 0.30583334 0.06 0.0825
0 0.7725 0.5825 0.0925 0.123333335
0 0.0025 0.19166666 0.04625 0.061666667
0 0.7325 0.8425 0.0875 0.11666667
0 0.105 0.6333333 0.05375 0.071666665
0 0.634375 0.18583333 0.054375 0.071666665
0 0.21875 0.018333333 0.0775 0.10333333
