0 0.27125 0.05666667 0.088125 0.08416667
0 0.115625 0.7525 0.075 0.1
0 0.0075 0.5541667 0.088125 0.105
0 0.311875 0.30666667 0.05875 0.07333333
0 0.64125 0.705 0.07875 0.105
0 0.733125 0.23166667 0.07 0.065
0 0.521875 0.62833333 0.05875 0.07083333
0 0.676875 0.27333334 0.0575 0.09
0 0.449375 0.905 0.0575 0.09
0 0.005 0.19583334 0.07875 0.105
0 0.495625 0.87583333 0.03 0.04
0 0.01625 0.4575 0.074375 0.0875
0 0.658125 0.3875 0.1 0.13333334
0 0.006875 0.8433333 0.07 0.093333334
0 0.356875 0.7608333 0.076875 0.07833333
0 0.916875 0.87 0.0475 0.033333335
0 0.275 0.73833334 0.055 0.07
0 0.76625 0.38916665 0.063125 0.083333336
0 0.48125 0.79833335 0.03375 0.045
