0 0.536875 0.7191667 0.0725 0.093333334
0 0.46125 0.345 0.08875 0.1225
0 0.025 0.75333333 0.1025 0.13666667
0 0.04875 0.5966667 0.04375 0.058333334
0 0.339375 0.39416668 0.07125 0.095
0 0.380625 0.1125 0.0675 0.09
0 0.508125 0.46166667 0.08125 0.108333334
0 0.786875 0.8925 0.078125 0.0925
0 0.74 0.058333334 0.02625 0.035
0 0.57 0.8958333 0.07625 0.10166667
0 0.506875 0.7216667 0.0725 0.096666664
0 0.90125 0.5808333 0.0625 0.085
0 0.6475 0.36833334 0.084375 0.10666667
0 0.800625 0.47416666 0.08875 0.1225
0 0.945625 0.41416666 0.025 0.033333335
0 0.8475 0.4675 0.0625 0.075
0 0.8975 0.785 0.0575 0.07666667
0 0.0225 0.075833336 0.05375 0.071666665
0 0.656875 0.30916667 0.053125 0.075833336
