0 0.319375 0.47916666 0.0525 0.1
0 0.748125 0.35833332 0.0425 0.05666667
0 0.800625 0.2025 0.09 0.12
0 0.84 0.68083334 0.1125 0.15
0 0.493125 0.46 0.074375 0.08083333
0 0.46875 0.20666666 0.0875 0.11666667
0 0.511875 0.59833336 0.055 0.07333333
0 0.8775 0.8375 0.0475 0.06666667
0 0.01 0.20333333 0.11875 0.15833333
0 0.149375 0.021666666 0.12375 0.165
0 0.12375 0.645 0.084375 0.0875
0 0.186875 0.24583334 0.065 0.08083333
0 0.625 0.90166664 0.055 0.0725
0 0.47 0.28416666 0.0625 0.085
0 0.39 0.2125 0.0975 0.13
0 0.85625 0.51166666 0.0925 0.123333335
