0 0.42644033 0.77440345 0.052983537 0.07809111
0 0.7772634 0.3109183 0.057613168 0.037599422
0 0.18981482 0.12798265 0.040123455 0.056399133
0 0.66512346 0.88864785 0.029835392 0.041937817
0 0.91255146 0.7042661 0.055555556 0.07736804
0 0.3914609 0.879248 0.061728396 0.079537235
0 0.5643004 0.74692696 0.06069959 0.08532176
0 0.22839506 0.6666667 0.053497944 0.07592191
0 0.29938272 0.8438178 0.049382716 0.06941432
0 0.94341564 0.61894435 0.03909465 0.054953
0 0.46039096 0.6644975 0.06069959 0.07664497
0 0.8744856 0.00867679 0.061728396 0.079537235
0 0.44444445 0.22487347 0.052983537 0.07809111
0 0.62808645 0.21619667 0.06790123 0.09544469
0 0.60288066 0.54953 0.055041153 0.075198844
0 0.49845678 0.91612434 0.026748972 0.037599422
0 0.4691358 0.57628345 0.052983537 0.07809111
0 0.48765433 0.81489515 0.04526749 0.06362979
