0 0.81875 0.32333332 0.06625 0.046666667
0 0.439375 0.77 0.06875 0.09166667
0 0.04875 0.56083333 0.0625 0.08416667
0 0.615 0.013333334 0.0775 0.0475
0 0.130625 0.415 0.065625 0.06333333
0 0.3625 0.74833333 0.055 0.07
0 0.94125 0.8041667 0.04625 0.061666667
0 0.3775 0.7891667 0.058125 0.08583333
0 0.040625 0.11666667 0.06875 0.0775
0 0.098125 0.5575 0.08375 0.111666664
0 0.466875 0.88 0.069375 0.08583333
0 0.319375 0.7075 0.054375 0.09583333
0 0.161875 0.8566667 0.06875 0.090833336
0 0.224375 0.096666664 0.0925 0.123333335
0 0.325625 0.165 0.055 0.07
0 0.728125 0.5575 0.0625 0.083333336
0 0.629375 0.27666667 0.05625 0.1
0 0.34125 0.445 0.06125 0.0975
