0 0.84625 0.28916666 0.073125 0.095
0 0.095 0.075833336 0.064375 0.09
0 0.59625 0.8075 0.07625 0.10583334
0 0.781875 0.16083333 0.066875 0.08583333
0 0.811875 0.5316667 0.06875 0.09166667
0 0.299375 0.23916666 0.07 0.043333333
0 0.43375 0.44916666 0.07375 0.08833333
0 0.333125 0.38833332 0.07375 0.095
0 0.715625 0.63416666 0.07625 0.10166667
0 0.576875 0.2775 0.03875 0.051666666
0 0.638125 0.6566667 0.06875 0.09166667
0 0.69875 0.1525 0.07625 0.0975
0 0.115625 0.91 0.065 0.086666666
0 0.004375 0.65166664 0.0325 0.09
0 0.62875 0.56333333 0.065 0.09583333
0 0.13125 0.4075 0.07 0.093333334
0 0.52625 0.27833334 0.035625 0.094166666
0 0.36125 0.050833333 0.0625 0.083333336
