0 0.798125 0.41583332 0.074375 0.086666666
0 0.0075 0.125 0.0625 0.083333336
0 0.401875 0.30916667 0.068125 0.055833332
0 0.8525 0.043333333 0.025 0.033333335
0 0.36875 0.9 0.065625 0.0925
0 0.09125 0.6016667 0.07375 0.07666667
0 0.646875 0.27666667 0.05125 0.068333335
0 0.319375 0.1425 0.0575 0.07666667
0 0.665 0.74 0.06625 0.08583333
0 0.9375 0.2925 0.04625 0.061666667
0 0.0025 0.0275 0.0625 0.083333336
0 0.36375 0.38666666 0.066875 0.0875
0 0.80875 0.29666665 0.08625 0.115
0 0.735 0.043333333 0.051875 0.06916667
0 0.13625 0.37583333 0.02625 0.035
