0 0.35875 0.9091667 0.050625 0.068333335
0 0.71375 0.87833333 0.0425 0.05666667
0 0.4175 0.48166665 0.05875 0.07833333
0 0.870625 0.7416667 0.058125 0.08416667
0 0.6475 0.5525 0.06375 0.085
0 0.249375 0.8258333 0.09375 0.125
0 0.861875 0.123333335 0.080625 0.09
0 0.238125 0.20333333 0.025 0.033333335
0 0.686875 0.5808333 0.025 0.033333335
0 0.853125 0.4725 0.07625 0.10166667
0 0.643125 0.004166667 0.059375 0.07416666
0 0.455625 0.07416666 0.03625 0.048333332
0 0.69375 0.6975 0.085 0.11333334
0 0.018125 0.10583334 0.0425 0.07333333
