0 0.12875 0.37666667 0.05875 0.07833333
0 0.470625 0.58916664 0.0825 0.11
0 0.53375 0.65166664 0.10625 0.14166667
0 0.539375 0.13916667 0.053125 0.064166665
0 0.53 0.895 0.0675 0.08916666
0 0.214375 0.41833332 0.06125 0.058333334
0 0.151875 0.22166666 0.11375 0.15166667
0 0.14875 0.76166666 0.05875 0.10166667
0 0.644375 0.12583333 0.0825 0.11
0 0.386875 0.2525 0.0725 0.086666666
0 0.88 0.8225 0.070625 0.07833333
0 0.256875 0.2375 0.125 0.16666667
0 0.268125 0.025 0.0725 0.08583333
0 0.256875 0.43916667 0.0375 0.05
0 0.850625 0.56083333 0.0775 0.1325
0 0.57625 0.093333334 0.0775 0.10916667
