0 0.5488683 0.6898048 0.037037037 0.05206074
0 0.4058642 0.4295011 0.019547325 0.0274765
0 0.26234567 0.6608821 0.09465021 0.13304411
0 0.04835391 0.3557484 0.041152265 0.057845265
0 0.53806585 0.54591465 0.04835391 0.0889371
0 0.43930042 0.106290676 0.093621396 0.13665944
0 0.5884774 0.21258135 0.049382716 0.060737528
0 0.086419754 0.51265365 0.057098765 0.04627621
0 0.018518519 0.9284165 0.049382716 0.066522054
0 0.64454734 0.055676065 0.05195473 0.028922632
0 0.055555556 0.5719451 0.093621396 0.13159798
0 0.7947531 0.2219812 0.04835391 0.06796818
