0 0.100625 0.235 0.0475 0.07083333
0 0.7625 0.4975 0.051875 0.08083333
0 0.7325 0.32416666 0.07625 0.10166667
0 0.6225 0.7216667 0.063125 0.0775
0 0.073125 0.79833335 0.0625 0.083333336
0 0.37375 0.0325 0.055 0.07333333
0 0.261875 0.5525 0.05625 0.0725
0 0.6075 0.54083335 0.06375 0.085
0 0.256875 0.3325 0.03375 0.045
0 0.929375 0.63166666 0.06375 0.08
0 0.2375 0.42333335 0.07125 0.095
0 0.296875 0.7941667 0.055 0.075833336
0 0.073125 0.15833333 0.05375 0.071666665
0 0.045625 0.5183333 0.070625 0.083333336
0 0.261875 0.39333335 0.055 0.07666667
0 0.835 0.27416667 0.055625 0.09
