0 0.3132716 0.36659437 0.049382716 0.06941432
0 0.3127572 0.81055677 0.055041153 0.07664497
0 0.86419755 0.8524946 0.037037037 0.05206074
0 0.8847737 0.5177151 0.057613168 0.039768618
0 0.51080245 0.824295 0.0622428 0.08966016
0 0.89454734 0.87635577 0.046296295 0.06507592
0 0.61882716 0.8705712 0.0627572 0.0845987
0 0.6738683 0.34273317 0.053497944 0.08315257
0 0.79526746 0.11641359 0.053497944 0.081706434
0 0.24074075 0.014461316 0.03909465 0.054953
0 0.23919754 0.8235719 0.03909465 0.054953
0 0.3935185 0.69269705 0.052983537 0.07809111
