0 0.564375 0.19833334 0.09875 0.096666664
0 0.198125 0.43666667 0.04625 0.061666667
0 0.639375 0.5158333 0.05125 0.068333335
0 0.706875 0.6666667 0.08125 0.108333334
0 0.199375 0.7291667 0.069375 0.08416667
0 0.861875 0.8641667 0.095 0.12666667
0 0.76125 0.72 0.035 0.046666667
0 0.065625 0.6408333 0.059375 0.12583333
0 0.09 0.39166668 0.02625 0.035
0 0.583125 0.47833332 0.0575 0.07666667
0 0.301875 0.30916667 0.05 0.06666667
0 0.188125 0.21166667 0.059375 0.085
0 0.804375 0.69416666 0.059375 0.07416666
0 0.1025 0.67833334 0.065625 0.086666666
0 0.148125 0.44416666 0.071875 0.08416667
