0 0.224375 0.43083334 0.08625 0.115
0 0.658125 0.76666665 0.0725 0.096666664
0 0.5625 0.33166668 0.064375 0.071666665
0 0.235 0.505 0.0775 0.10333333
0 0.64 0.94166666 0.02625 0.035
0 0.248125 0.24416667 0.054375 0.079166666
0 0.48125 0.4225 0.0625 0.09166667
0 0.28625 0.5208333 0.025 0.033333335
0 0.586875 0.12833333 0.04 0.08
0 0.820625 0.7366667 0.059375 0.0775
0 0.58625 0.17083333 0.06375 0.085
0 0.34625 0.4025 0.0275 0.036666665
0 0.52125 0.725 0.08875 0.11833333
0 0.285 0.6775 0.09875 0.13166666
0 0.22 0.82916665 0.065625 0.104166664
