0 0.29475307 0.09255242 0.053497944 0.06724512
0 0.65843624 0.7165582 0.052469134 0.06507592
0 0.050925925 0.0274765 0.04218107 0.059291396
0 0.8518519 0.49819234 0.052983537 0.04989154
0 0.8266461 0.15762834 0.042695474 0.073029645
0 0.58950615 0.17570499 0.054012347 0.037599422
0 0.537037 0.13665944 0.057098765 0.057845265
0 0.4398148 0.3362256 0.083333336 0.11713666
0 0.712963 0.72017354 0.044238683 0.06218366
0 0.028292181 0.75560373 0.046296295 0.06362979
0 0.82355964 0.19016631 0.058641974 0.0824295
0 0.5154321 0.088214025 0.029835392 0.041937817
0 0.15432099 0.60159075 0.028806584 0.040491685
0 0.33127573 0.63123643 0.079218104 0.11135213
0 0.33950618 0.83441794 0.08539095 0.12002892
0 0.09053498 0.42154735 0.072530866 0.13665944
0 0.2988683 0.8373102 0.057098765 0.057845265
0 0.38940328 0.20390455 0.04835391 0.07447578
