0 0.56375 0.108333334 0.06375 0.079166666
0 0.0375 0.13583334 0.12125 0.16166666
0 0.0825 0.8308333 0.12375 0.10666667
0 0.83875 0.5133333 0.1175 0.15666667
0 0.31125 0.47166666 0.0575 0.079166666
0 0.23875 0.07 0.0875 0.11666667
0 0.515625 0.24333334 0.06625 0.07416666
0 0.08 0.023333333 0.08625 0.115
0 0.0825 0.5375 0.1175 0.15666667
0 0.321875 0.7991667 0.0675 0.09
0 0.3475 0.56583333 0.0275 0.036666665
0 0.880625 0.8258333 0.06 0.08
0 0.00375 0.7941667 0.09125 0.12166667
0 0.045 0.0075 0.07 0.09
0 0.663125 0.58416665 0.068125 0.083333336
0 0.850625 0.055 0.0575 0.079166666
0 0.836875 0.6 0.0725 0.096666664
0 0.566875 0.8233333 0.08875 0.11833333
