0 0.67644036 0.052783802 0.040123455 0.056399133
0 0.47530866 0.8315257 0.024691358 0.03470716
0 0.26234567 0.30513376 0.049382716 0.06724512
0 0.49279836 0.59580624 0.024691358 0.03470716
0 0.41152263 0.20028922 0.04835391 0.06290673
0 0.2649177 0.89515543 0.041152265 0.07230658
0 0.2031893 0.89081705 0.047839507 0.07013738
0 0.6430041 0.2704266 0.053497944 0.075198844
0 0.76286006 0.23138106 0.04835391 0.06941432
0 0.72839504 0.66232824 0.06790123 0.09544469
0 0.7268519 0.050614607 0.034979425 0.049168475
0 0.7196502 0.5249458 0.025720164 0.03615329
0 0.5997942 0.71366596 0.032407407 0.08315257
0 0.625 0.8857556 0.05452675 0.07664497
