0 0.35 0.5025 0.06375 0.085
0 0.221875 0.5491667 0.03 0.04
0 0.775625 0.46833333 0.06 0.08
0 0.685625 0.59166664 0.05125 0.083333336
0 0.14875 0.37666667 0.07125 0.095
0 0.029375 0.26333332 0.0975 0.13
0 0.36 0.26166666 0.053125 0.085
0 0.92875 0.76166666 0.055625 0.08
0 0.006875 0.785 0.03625 0.075
0 0.526875 0.92083335 0.071875 0.05
0 0.82625 0.0275 0.09 0.12
0 0.410625 0.5833333 0.085 0.11333334
0 0.183125 0.86083335 0.07125 0.07833333
0 0.635625 0.5308333 0.05875 0.07833333
0 0.26875 0.7583333 0.06 0.0775
