0 0.080625 0.2425 0.0575 0.090833336
0 0.874375 0.7708333 0.080625 0.08833333
0 0.655625 0.63666666 0.09375 0.125
0 0.451875 0.6675 0.0625 0.105
0 0.35375 0.2825 0.04125 0.055
0 0.94375 0.16916667 0.05375 0.068333335
0 0.800625 0.79083335 0.0775 0.10333333
0 0.5975 0.7441667 0.05375 0.071666665
0 0.23125 0.77666664 0.075 0.12
0 0.43875 0.83166665 0.0525 0.07
0 0.5525 0.27916667 0.0925 0.123333335
0 0.43375 0.0025 0.1 0.13333334
0 0.70875 0.635 0.0625 0.09166667
0 0.6275 0.7608333 0.05 0.06666667
0 0.42875 0.45083332 0.0675 0.094166666
