0 0.45875 0.6475 0.07625 0.10583334
0 0.23125 0.375 0.04125 0.055
0 0.459375 0.40833333 0.075 0.09166667
0 0.66625 0.7866667 0.07375 0.08833333
0 0.65875 0.57666665 0.07875 0.105
0 0.275 0.72333336 0.03375 0.045
0 0.326875 0.6325 0.0575 0.07666667
0 0.7925 0.135 0.04 0.053333335
0 0.24875 0.19833334 0.080625 0.104166664
0 0.876875 0.24916667 0.06625 0.08833333
0 0.625625 0.6358333 0.07375 0.09833334
0 0.141875 0.48666668 0.075 0.09166667
0 0.364375 0.47416666 0.064375 0.09
0 0.329375 0.061666667 0.0725 0.096666664
0 0.045625 0.21083333 0.065 0.07
0 0.464375 0.60833335 0.065 0.09583333
0 0.47625 0.46833333 0.0775 0.090833336
0 0.559375 0.16916667 0.0825 0.11
