0 0.548125 0.805 0.071875 0.061666667
0 0.84875 0.18 0.0925 0.096666664
0 0.42125 0.525 0.065 0.086666666
0 0.191875 0.5441667 0.05375 0.071666665
0 0.224375 0.64 0.0825 0.096666664
0 0.1025 0.61 0.10875 0.145
0 0.214375 0.43583333 0.105 0.06666667
0 0.17 0.855 0.098125 0.10666667
0 0.833125 0.72833335 0.088125 0.100833334
0 0.473125 0.19416666 0.0725 0.096666664
0 0.4525 0.3125 0.1025 0.13666667
0 0.2525 0.58916664 0.071875 0.061666667
0 0.24875 0.041666668 0.1175 0.15666667
0 0.37125 0.68083334 0.0775 0.104166664
