0 0.1725 0.025 0.08125 0.108333334
0 0.01625 0.06 0.065 0.086666666
0 0.855625 0.39583334 0.0625 0.083333336
0 0.92 0.17583333 0.0425 0.05666667
0 0.660625 0.41416666 0.04625 0.0775
0 0.060625 0.30416667 0.05875 0.07833333
0 0.445 0.22666667 0.060625 0.10333333
0 0.81875 0.37416667 0.0475 0.06333333
0 0.70625 0.25833333 0.08375 0.111666664
0 0.456875 0.5283333 0.065 0.08
0 0.876875 0.42833334 0.03625 0.048333332
0 0.6525 0.5975 0.06875 0.111666664
0 0.2425 0.19416666 0.03375 0.045
0 0.613125 0.7133333 0.035 0.046666667
0 0.405625 0.4125 0.060625 0.068333335
0 0.38625 0.4575 0.06 0.08
0 0.65375 0.035833333 0.05375 0.09
0 0.02875 0.6825 0.055 0.07333333
0 0.265625 0.80583334 0.06 0.0775
