0 0.513125 0.75083333 0.071875 0.093333334
0 0.208125 0.8691667 0.066875 0.08833333
0 0.7475 0.68583333 0.08125 0.108333334
0 0.229375 0.44583333 0.075625 0.10333333
0 0.870625 0.79083335 0.07125 0.095
0 0.08 0.5108333 0.04 0.053333335
0 0.0475 0.30666667 0.08625 0.0875
0 0.315625 0.535 0.074375 0.05
0 0.909375 0.11416667 0.0425 0.05666667
0 0.728125 0.50916666 0.06 0.08
0 0.52375 0.7808333 0.05 0.06666667
0 0.845 0.465 0.075 0.10333333
0 0.0125 0.0525 0.075625 0.1
0 0.100625 0.1075 0.065 0.0875
0 0.361875 0.8183333 0.06625 0.094166666
0 0.319375 0.2075 0.06 0.08
