0 0.1825 0.6 0.07 0.065
0 0.471875 0.1375 0.058125 0.055833332
0 0.775625 0.8383333 0.0875 0.11666667
0 0.61125 0.43083334 0.04375 0.058333334
0 0.085625 0.6275 0.0575 0.07666667
0 0.254375 0.655 0.06125 0.058333334
0 0.366875 0.6116667 0.09875 0.13166666
0 0.61125 0.0375 0.0475 0.07083333
0 0.069375 0.49333334 0.06375 0.07416666
0 0.244375 0.2725 0.125 0.16666667
0 0.503125 0.68416667 0.05625 0.0775
0 0.805 0.21916667 0.088125 0.105
0 0.764375 0.1875 0.06125 0.08166666
0 0.383125 0.08166666 0.061875 0.08166666
0 0.805625 0.5425 0.125 0.16666667
0 0.92625 0.4875 0.03875 0.051666666
