0 0.44 0.8175 0.080625 0.09
0 0.464375 0.31916666 0.04125 0.055
0 0.305 0.73333335 0.06875 0.111666664
0 0.369375 0.8875 0.05625 0.1025
0 0.735 0.4975 0.08375 0.111666664
0 0.74875 0.61083335 0.0775 0.10333333
0 0.198125 0.82916665 0.0525 0.07833333
0 0.7725 0.51916665 0.065 0.08
0 0.838125 0.7475 0.066875 0.0625
0 0.410625 0.7325 0.07625 0.10166667
0 0.505 0.80833334 0.1 0.13333334
0 0.595625 0.90833336 0.054375 0.07833333
0 0.830625 0.72583336 0.0425 0.05666667
0 0.1875 0.40583333 0.09625 0.10916667
