0 0.31875 0.034166668 0.07375 0.09833334
0 0.8825 0.06666667 0.068125 0.095
0 0.8125 0.42083332 0.06625 0.083333336
0 0.87125 0.21333334 0.0825 0.11
0 0.669375 0.74666667 0.04 0.053333335
0 0.050625 0.61333334 0.065625 0.10666667
0 0.17625 0.83 0.06875 0.083333336
0 0.736875 0.7391667 0.071875 0.104166664
0 0.5325 0.38416666 0.06875 0.09166667
0 0.226875 0.3875 0.066875 0.08916666
0 0.743125 0.061666667 0.06625 0.083333336
0 0.31375 0.6616667 0.06625 0.083333336
0 0.85375 0.5825 0.04 0.053333335
