0 0.180625 0.62583333 0.06125 0.08166666
0 0.503125 0.1425 0.03875 0.051666666
0 0.498125 0.825 0.075 0.1
0 0.571875 0.9508333 0.02875 0.038333334
0 0.6975 0.71666664 0.0625 0.07833333
0 0.244375 0.20666666 0.1025 0.13666667
0 0.24125 0.37416667 0.075625 0.105
0 0.806875 0.39583334 0.065 0.086666666
0 0.771875 0.8325 0.060625 0.085
0 0.351875 0.10166667 0.05625 0.075
0 0.52375 0.53833336 0.065 0.08916666
0 0.374375 0.6591667 0.0625 0.08416667
0 0.58875 0.5391667 0.058125 0.07833333
0 0.3175 0.37166667 0.03 0.04
0 0.72625 0.5566667 0.074375 0.11833333
0 0.509375 0.865 0.06625 0.08833333
0 0.676875 0.37083334 0.0475 0.06333333
0 0.749375 0.81916666 0.06 0.08
