0 0.508125 0.39916667 0.04875 0.065
0 0.828125 0.81083333 0.05 0.083333336
0 0.3575 0.6775 0.0725 0.096666664
0 0.37 0.8375 0.064375 0.075833336
0 0.12625 0.038333334 0.06 0.06583333
0 0.760625 0.355 0.07 0.0775
0 0.93875 0.35 0.0375 0.05
0 0.16375 0.1375 0.045 0.06
0 0.774375 0.6625 0.058125 0.07
0 0.060625 0.035 0.073125 0.079166666
0 0.116875 0.32 0.058125 0.079166666
0 0.7175 0.071666665 0.07125 0.095
0 0.215 0.43083334 0.07875 0.105
0 0.184375 0.34416667 0.0375 0.05
0 0.3275 0.84 0.08125 0.108333334
0 0.16125 0.5425 0.065 0.07833333
