0 0.145625 0.6041667 0.085 0.11333334
0 0.4525 0.5925 0.07625 0.10583334
0 0.448125 0.32 0.065 0.07
0 0.376875 0.7775 0.07375 0.095
0 0.855 0.0075 0.065 0.07
0 0.350625 0.08 0.06 0.08
0 0.61875 0.06333333 0.075 0.1
0 0.730625 0.55 0.08375 0.111666664
0 0.4775 0.56416667 0.070625 0.09166667
0 0.49375 0.485 0.06375 0.085
0 0.740625 0.3575 0.0375 0.05
0 0.1175 0.47666666 0.06875 0.09166667
0 0.74 0.62083334 0.064375 0.09
0 0.105625 0.69083333 0.074375 0.05
0 0.223125 0.16666667 0.07625 0.10583334
0 0.955625 0.55333334 0.0425 0.05666667
0 0.158125 0.42916667 0.075 0.09166667
0 0.33375 0.35 0.06625 0.094166666
