0 0.463125 0.77 0.0525 0.07
0 0.5625 0.42583334 0.08625 0.08583333
0 0.806875 0.7475 0.03375 0.045
0 0.243125 0.6433333 0.066875 0.086666666
0 0.42625 0.22416666 0.071875 0.093333334
0 0.7325 0.2325 0.0525 0.07
0 0.733125 0.28166667 0.04375 0.058333334
0 0.1175 0.5416667 0.03375 0.045
0 0.66 0.345 0.07125 0.08
0 0.30375 0.07333333 0.07125 0.08
0 0.561875 0.23083334 0.0675 0.08916666
0 0.57 0.2725 0.06875 0.09166667
0 0.209375 0.50416666 0.06625 0.094166666
0 0.265 0.48833334 0.05125 0.068333335
0 0.90625 0.79 0.0825 0.11
