0 0.54625 0.7825 0.085 0.11333334
0 0.223125 0.0016666667 0.07375 0.0925
0 0.3175 0.57916665 0.075 0.1
0 0.608125 0.885 0.035 0.046666667
0 0.340625 0.093333334 0.07 0.043333333
0 0.81625 0.7633333 0.065 0.086666666
0 0.1025 0.80083334 0.070625 0.09166667
0 0.85125 0.7808333 0.04375 0.058333334
0 0.11625 0.8858333 0.08 0.10666667
0 0.24375 0.545 0.03875 0.051666666
0 0.476875 0.775 0.075625 0.10333333
0 0.515625 0.49 0.04 0.053333335
0 0.175 0.18833333 0.0625 0.083333336
0 0.2975 0.59583336 0.08125 0.108333334
