0 0.315 0.095 0.08875 0.11833333
0 0.435625 0.025833333 0.06125 0.079166666
0 0.91625 0.7625 0.07625 0.07333333
0 0.03 0.655 0.03125 0.041666668
0 0.7225 0.28583333 0.03125 0.041666668
0 0.00625 0.16666667 0.07375 0.09833334
0 0.349375 0.165 0.06625 0.08833333
0 0.066875 0.45916668 0.076875 0.07833333
0 0.18375 0.053333335 0.025 0.033333335
0 0.626875 0.5275 0.11375 0.1575
0 0.055 0.0225 0.10125 0.135
0 0.695625 0.19 0.035 0.046666667
0 0.72375 0.43833333 0.08 0.10666667
0 0.7725 0.05 0.094375 0.13916667
0 0.51125 0.43583333 0.076875 0.07833333
0 0.360625 0.5775 0.059375 0.07083333
0 0.46625 0.20083334 0.065625 0.093333334
