0 0.375 0.64416665 0.065625 0.0875
0 0.436875 0.37583333 0.06625 0.08833333
0 0.62 0.7683333 0.065625 0.0925
0 0.08625 0.085 0.080625 0.104166664
0 0.301875 0.44 0.0675 0.08916666
0 0.723125 0.094166666 0.045 0.06
0 0.8675 0.38083333 0.045 0.06
0 0.38125 0.17166667 0.0575 0.07666667
0 0.2 0.07666667 0.066875 0.08833333
0 0.14 0.70916665 0.0425 0.05666667
0 0.89 0.0525 0.06 0.08
0 0.418125 0.30583334 0.08625 0.08583333
0 0.438125 0.135 0.05375 0.09833334
0 0.9 0.1575 0.08125 0.108333334
0 0.3125 0.14666666 0.07 0.043333333
0 0.536875 0.17833333 0.0575 0.07666667
0 0.846875 0.10583334 0.035625 0.094166666
0 0.868125 0.515 0.07375 0.08833333
