0 0.2525 0.35 0.068125 0.086666666
0 0.369375 0.2375 0.06875 0.09166667
0 0.489375 0.8383333 0.060625 0.07333333
0 0.63375 0.35583332 0.07 0.07333333
0 0.208125 0.22583333 0.03625 0.075
0 0.2 0.615 0.0575 0.0825
0 0.283125 0.62083334 0.1025 0.13666667
0 0.58 0.7058333 0.0525 0.07
0 0.33875 0.2675 0.06125 0.08916666
0 0.156875 0.6958333 0.0875 0.11666667
0 0.305625 0.38583332 0.05875 0.08
0 0.751875 0.32 0.06125 0.08166666
0 0.475625 0.64 0.058125 0.08083333
0 0.088125 0.5975 0.08625 0.13833334
0 0.253125 0.18916667 0.03125 0.041666668
0 0.43125 0.73083335 0.055625 0.07333333
