0 0.13625 0.7891667 0.068125 0.055833332
0 0.58375 0.11666667 0.10375 0.13833334
0 0.068125 0.8958333 0.03875 0.051666666
0 0.445 0.6625 0.07875 0.105
0 0.315 0.8666667 0.06625 0.04083333
0 0.0475 0.81416667 0.0675 0.09
0 0.654375 0.5925 0.09 0.10583334
0 0.4425 0.22 0.089375 0.1225
0 0.18625 0.16666667 0.0625 0.07666667
0 0.55125 0.8 0.05625 0.075
0 0.730625 0.81916666 0.03375 0.045
0 0.80375 0.24333334 0.06375 0.06916667
0 0.454375 0.5225 0.056875 0.07083333
0 0.61125 0.71166664 0.073125 0.10166667
0 0.10375 0.24916667 0.06375 0.06916667
0 0.350625 0.735 0.059375 0.12583333
