0 0.234375 0.12416667 0.10875 0.145
0 0.61 0.14666666 0.08375 0.093333334
0 0.07375 0.6383333 0.060625 0.09916667
0 0.434375 0.22666667 0.03125 0.041666668
0 0.869375 0.11 0.09 0.12
0 0.350625 0.033333335 0.09 0.12
0 0.3225 0.5466667 0.0875 0.08166666
0 0.856875 0.39833334 0.065 0.0775
0 0.470625 0.485 0.0575 0.09
0 0.45 0.87 0.07 0.11416667
0 0.63625 0.6725 0.0475 0.06333333
0 0.074375 0.08 0.05375 0.071666665
0 0.7925 0.32666665 0.055 0.07333333
0 0.136875 0.6983333 0.055625 0.08166666
0 0.39875 0.87916666 0.03875 0.051666666
0 0.914375 0.7425 0.058125 0.07666667
0 0.85125 0.7708333 0.06 0.07
