0 0.616875 0.14 0.050625 0.068333335
0 0.45375 0.19 0.09625 0.12833333
0 0.0925 0.70916665 0.0825 0.11
0 0.7775 0.0525 0.05125 0.08583333
0 0.860625 0.75666666 0.04 0.053333335
0 0.693125 0.87 0.06125 0.08166666
0 0.60625 0.8025 0.03875 0.051666666
0 0.205 0.12583333 0.065 0.086666666
0 0.295 0.29916668 0.065 0.086666666
0 0.18125 0.16916667 0.06625 0.08833333
0 0.31875 0.76916665 0.04375 0.058333334
0 0.688125 0.7725 0.0575 0.105
0 0.71125 0.655 0.03125 0.041666668
0 0.654375 0.44833332 0.085 0.11333334
0 0.33375 0.56 0.0825 0.11
0 0.354375 0.345 0.050625 0.068333335
0 0.271875 0.58666664 0.055 0.075833336
0 0.005625 0.62166667 0.03 0.04
