0 0.6725 0.0058333334 0.065625 0.0925
0 0.785 0.91083336 0.066875 0.08583333
0 0.0325 0.57 0.065 0.09583333
0 0.87625 0.43833333 0.066875 0.08583333
0 0.70625 0.14916667 0.07 0.043333333
0 0.8325 0.605 0.08625 0.0875
0 0.1125 0.14416666 0.065 0.086666666
0 0.83625 0.36083335 0.035 0.046666667
0 0.541875 0.465 0.075 0.09166667
0 0.371875 0.3275 0.0625 0.083333336
0 0.026875 0.12666667 0.080625 0.104166664
0 0.736875 0.22833334 0.075 0.09166667
0 0.30125 0.1775 0.07625 0.10583334
0 0.414375 0.16416667 0.07 0.093333334
0 0.141875 0.43416667 0.07625 0.10583334
0 0.115625 0.46416667 0.0325 0.043333333
