0 0.9225 0.8333333 0.0725 0.095
0 0.70875 0.72833335 0.046875 0.068333335
0 0.39 0.5 0.060625 0.09916667
0 0.896875 0.029166667 0.074375 0.12833333
0 0.13875 0.44083333 0.03125 0.041666668
0 0.063125 0.56666666 0.065 0.08083333
0 0.5925 0.7 0.11125 0.10666667
0 0.569375 0.39333335 0.0725 0.08583333
0 0.6325 0.085 0.06125 0.058333334
0 0.825625 0.88416666 0.0775 0.10333333
0 0.414375 0.2925 0.07 0.093333334
0 0.7 0.08916666 0.115 0.15333334
0 0.675 0.73083335 0.05125 0.068333335
0 0.501875 0.6383333 0.05375 0.059166666
0 0.488125 0.0275 0.10875 0.145
0 0.788125 0.575 0.061875 0.08166666
