0 0.5123457 0.16775127 0.0627572 0.088214025
0 0.19444445 0.274765 0.056584362 0.08098337
0 0.090020575 0.34996384 0.047325104 0.066522054
0 0.3575103 0.112798266 0.05606996 0.073029645
0 0.9305556 0.8662328 0.060185187 0.09327549
0 0.75565845 0.052783802 0.03292181 0.04627621
0 0.7350823 0.11135213 0.06378601 0.08966016
0 0.13220164 0.12509039 0.05812757 0.079537235
0 0.09516461 0.10267534 0.04526749 0.088214025
0 0.013374486 0.9175705 0.030864198 0.04338395
0 0.10339506 0.75488067 0.06069959 0.08532176
0 0.5303498 0.34056398 0.04526749 0.06362979
0 0.8081276 0.7440347 0.053497944 0.073029645
0 0.07458848 0.16558206 0.06069959 0.08532176
0 0.23662551 0.58279103 0.06481481 0.09110629
