0 0.50514406 0.24005784 0.110082306 0.15473609
0 0.37037036 0.10339841 0.088477366 0.12436732
0 0.5673868 0.040491685 0.06532922 0.09110629
0 0.7638889 0.54157627 0.08539095 0.12002892
0 0.85493827 0.2516269 0.10390946 0.14605929
0 0.6059671 0.85538685 0.07716049 0.10845987
0 0.074074075 0.13376717 0.04218107 0.059291396
0 0.74382716 0.7274042 0.07098766 0.075198844
0 0.17695473 0.5307303 0.040123455 0.056399133
0 0.4048354 0.6760665 0.081275724 0.114244394
0 0.53806585 0.68835866 0.052469134 0.07375271
0 0.375 0.62328273 0.11934157 0.16775127
0 0.92952675 0.2704266 0.046296295 0.06507592
0 0.720679 0.40130153 0.08796296 0.07736804
0 0.4526749 0.1626898 0.108024694 0.15184382
0 0.17849794 0.34345627 0.0781893 0.109906
0 0.26903293 0.40563992 0.072530866 0.08749096
0 0.654321 0.41070136 0.07098766 0.075198844
