0 0.770625 0.175 0.085625 0.09
0 0.0825 0.37333333 0.0975 0.13
0 0.530625 0.75 0.045 0.06
0 0.604375 0.06916667 0.14375 0.19166666
0 0.77 0.43416667 0.061875 0.11416667
0 0.151875 0.70666665 0.07375 0.09833334
0 0.50375 0.595 0.079375 0.105
0 0.520625 0.22083333 0.09 0.11083333
0 0.609375 0.795 0.0775 0.104166664
0 0.843125 0.55916667 0.135625 0.06916667
0 0.83625 0.90833336 0.090625 0.0775
0 0.60125 0.91583335 0.0575 0.07666667
0 0.554375 0.62 0.08625 0.115
0 0.394375 0.47416666 0.106875 0.08916666
0 0.730625 0.64166665 0.0775 0.104166664
0 0.33125 0.7416667 0.10875 0.145
0 0.365 0.67833334 0.079375 0.105
0 0.33 0.0275 0.079375 0.08416667
