0 0.654375 0.108333334 0.08375 0.111666664
0 0.093125 0.04083333 0.064375 0.10916667
0 0.28375 0.27833334 0.035 0.046666667
0 0.20375 0.84583336 0.059375 0.033333335
0 0.05375 0.21416667 0.050625 0.08416667
0 0.435625 0.10166667 0.0275 0.036666665
0 0.564375 0.25333333 0.07 0.094166666
0 0.41 0.2175 0.063125 0.08833333
0 0.438125 0.73833334 0.058125 0.105
0 0.889375 0.075 0.04625 0.061666667
0 0.1875 0.945 0.03875 0.051666666
0 0.27 0.34666666 0.04625 0.061666667
0 0.673125 0.62083334 0.069375 0.086666666
0 0.260625 0.7125 0.09125 0.12166667
