0 0.79625 0.4375 0.14125 0.18833333
0 0.726875 0.90416664 0.05875 0.07833333
0 0.084375 0.27416667 0.075 0.1075
0 0.084375 0.6766667 0.08 0.09166667
0 0.89 0.725 0.0925 0.096666664
0 0.4175 0.8666667 0.083125 0.1175
0 0.77625 0.23666666 0.0825 0.1125
0 0.908125 0.6591667 0.05 0.06666667
0 0.7175 0.7341667 0.094375 0.08083333
0 0.799375 0.82166666 0.075 0.1075
0 0.330625 0.5625 0.11625 0.155
0 0.7975 0.55916667 0.09 0.11083333
0 0.290625 0.6983333 0.074375 0.09583333
0 0.670625 0.0025 0.094375 0.100833334
0 0.861875 0.5375 0.1 0.13333334
0 0.43125 0.29583332 0.09375 0.1075
