0 0.27109054 0.6616052 0.052469134 0.07375271
0 0.28446501 0.23644252 0.055041153 0.07592191
0 0.79269546 0.7628344 0.037037037 0.05206074
0 0.15020576 0.66377443 0.06995885 0.09833695
0 0.5576132 0.3000723 0.06790123 0.08966016
0 0.0030864198 0.66305137 0.08230453 0.11569053
0 0.7309671 0.7736804 0.050411522 0.070860445
0 0.77211934 0.30730295 0.052469134 0.07375271
0 0.26440328 0.8329718 0.057613168 0.08098337
0 0.9578189 0.09399855 0.022633744 0.031814896
0 0.4228395 0.39190167 0.057613168 0.08098337
0 0.9542181 0.021691974 0.042695474 0.06001446
