0 0.670625 0.32916668 0.06375 0.085
0 0.34 0.5925 0.071875 0.0875
0 0.910625 0.9033333 0.02625 0.035
0 0.860625 0.16416667 0.063125 0.104166664
0 0.433125 0.12166667 0.073125 0.09166667
0 0.480625 0.5416667 0.0975 0.13
0 0.83625 0.3125 0.050625 0.09
0 0.505625 0.75333333 0.068125 0.09166667
0 0.628125 0.026666667 0.1025 0.13666667
0 0.0625 0.7608333 0.09 0.12
0 0.099375 0.7425 0.063125 0.08833333
0 0.918125 0.57916665 0.05625 0.075
0 0.456875 0.12833333 0.0575 0.07666667
0 0.0575 0.81166667 0.07125 0.08916666
0 0.0175 0.8433333 0.0675 0.100833334
0 0.725625 0.395 0.0875 0.11666667
0 0.501875 0.045 0.070625 0.0875
0 0.4725 0.38666666 0.0675 0.086666666
0 0.46125 0.63916665 0.058125 0.105
