0 0.43875 0.5275 0.129375 0.07083333
0 0.89 0.20416667 0.085 0.095
0 0.344375 0.035 0.1075 0.14333333
0 0.384375 0.56333333 0.0775 0.104166664
0 0.500625 0.25916666 0.06 0.08
0 0.83875 0.19083333 0.05 0.06666667
0 0.76625 0.38416666 0.09875 0.13166666
0 0.2925 0.845 0.091875 0.07416666
0 0.424375 0.67 0.1375 0.18333334
0 0.36625 0.16666667 0.083125 0.1175
0 0.515625 0.09166667 0.11875 0.15833333
0 0.566875 0.026666667 0.055 0.07333333
0 0.140625 0.405 0.088125 0.100833334
0 0.186875 0.028333334 0.0775 0.060833335
0 0.509375 0.61833334 0.085 0.095
