0 0.476875 0.029166667 0.08125 0.108333334
0 0.841875 0.27333334 0.0725 0.096666664
0 0.35375 0.82916665 0.0625 0.083333336
0 0.253125 0.58166665 0.0375 0.05
0 0.2 0.59833336 0.04125 0.055
0 0.27875 0.17416666 0.04875 0.065
0 0.36 0.5733333 0.0725 0.096666664
0 0.10125 0.81333333 0.068125 0.09916667
0 0.418125 0.35416666 0.08375 0.111666664
0 0.276875 0.093333334 0.06625 0.05
0 0.61875 0.0375 0.0775 0.10333333
0 0.524375 0.4475 0.06875 0.09166667
0 0.898125 0.07833333 0.065625 0.10666667
0 0.4025 0.054166667 0.05875 0.07833333
0 0.483125 0.5775 0.07375 0.09833334
0 0.82875 0.84166664 0.0675 0.0825
0 0.4875 0.50666666 0.08375 0.111666664
0 0.64 0.875 0.07625 0.10166667
0 0.585 0.33166668 0.04375 0.058333334
