0 0.13875 0.061666667 0.07875 0.105
0 0.5525 0.14333333 0.04625 0.061666667
0 0.24625 0.6933333 0.075625 0.13833334
0 0.186875 0.0975 0.07 0.08583333
0 0.74875 0.13166666 0.075625 0.13833334
0 0.663125 0.385 0.0575 0.079166666
0 0.064375 0.8175 0.073125 0.10166667
0 0.35375 0.49666667 0.06625 0.04083333
0 0.273125 0.88916665 0.03875 0.051666666
0 0.3025 0.14 0.0625 0.094166666
0 0.53 0.20166667 0.07625 0.10166667
0 0.84375 0.44083333 0.07 0.093333334
0 0.331875 0.7191667 0.0275 0.036666665
0 0.190625 0.67333335 0.07 0.093333334
