0 0.225625 0.6625 0.064375 0.0925
0 0.53625 0.8441667 0.10625 0.14166667
0 0.773125 0.47916666 0.055 0.085
0 0.84 0.36416668 0.09125 0.12166667
0 0.618125 0.3825 0.04375 0.058333334
0 0.864375 0.011666667 0.0625 0.08166666
0 0.62375 0.095 0.0625 0.0725
0 0.68625 0.029166667 0.05375 0.068333335
0 0.415625 0.42333335 0.03 0.04
0 0.806875 0.55083334 0.050625 0.0775
0 0.8175 0.56916666 0.04 0.08
0 0.185625 0.8675 0.06875 0.090833336
0 0.34875 0.41833332 0.08625 0.115
0 0.149375 0.4075 0.073125 0.07666667
0 0.845625 0.51 0.1025 0.13666667
0 0.3875 0.09166667 0.0625 0.07833333
0 0.468125 0.59 0.0725 0.096666664
