0 0.265 0.0275 0.09375 0.125
0 0.111875 0.5175 0.05875 0.07833333
0 0.40125 0.018333333 0.05625 0.075
0 0.0975 0.2125 0.05875 0.08583333
0 0.585 0.0975 0.105 0.14
0 0.53 0.2625 0.09875 0.13166666
0 0.80125 0.5225 0.11125 0.14833333
0 0.3775 0.6166667 0.085 0.11333334
0 0.21125 0.44 0.07875 0.105
0 0.26125 0.25333333 0.0575 0.075833336
0 0.8925 0.2525 0.03625 0.048333332
0 0.671875 0.545 0.10125 0.135
0 0.54625 0.425 0.075 0.1
0 0.125 0.685 0.06375 0.075
0 0.636875 0.11333334 0.08375 0.111666664
0 0.6825 0.44916666 0.051875 0.08416667
0 0.5675 0.86583334 0.06625 0.093333334
0 0.318125 0.17333333 0.080625 0.08833333
0 0.79 0.0475 0.085 0.11333334
