0 0.810625 0.34083334 0.061875 0.09166667
0 0.060625 0.8383333 0.11 0.14666666
0 0.710625 0.12916666 0.12125 0.16166666
0 0.834375 0.11416667 0.08625 0.115
0 0.470625 0.11833333 0.075 0.1
0 0.745 0.22083333 0.0925 0.123333335
0 0.208125 0.42833334 0.063125 0.0825
0 0.58375 0.46583334 0.12 0.16
0 0.293125 0.6533333 0.10875 0.145
0 0.433125 0.72 0.081875 0.09916667
0 0.6425 0.038333334 0.063125 0.0825
0 0.726875 0.49 0.050625 0.07666667
0 0.170625 0.69916666 0.1075 0.14333333
0 0.413125 0.58166665 0.10625 0.14166667
0 0.659375 0.51666665 0.08875 0.11833333
0 0.018125 0.7266667 0.075625 0.08916666
