0 0.378125 0.47833332 0.07125 0.08
0 0.34125 0.695 0.065625 0.0925
0 0.083125 0.7891667 0.06625 0.08833333
0 0.223125 0.77416664 0.045 0.06
0 0.32625 0.6691667 0.05625 0.075
0 0.75875 0.8775 0.0825 0.11
0 0.62 0.49583334 0.0625 0.083333336
0 0.3425 0.20416667 0.08 0.10666667
0 0.503125 0.1925 0.0675 0.10166667
0 0.849375 0.34166667 0.0625 0.083333336
0 0.223125 0.85083336 0.07375 0.0925
0 0.01125 0.22916667 0.03875 0.051666666
0 0.344375 0.565 0.06875 0.083333336
0 0.49625 0.5425 0.045 0.06
0 0.01 0.18083334 0.068125 0.08416667
0 0.09125 0.5575 0.06625 0.08833333
0 0.205625 0.745 0.07625 0.10166667
0 0.74125 0.083333336 0.073125 0.1075
