0 0.2325 0.4 0.09625 0.12833333
0 0.69 0.42833334 0.12625 0.16833334
0 0.2175 0.18916667 0.09625 0.12833333
0 0.76 0.79583335 0.0775 0.060833335
0 0.241875 0.51166666 0.06625 0.08833333
0 0.180625 0.15666667 0.06375 0.085
0 0.576875 0.8225 0.094375 0.08083333
0 0.8725 0.135 0.04625 0.061666667
0 0.48375 0.39916667 0.13875 0.185
0 0.805 0.44833332 0.12875 0.17166667
0 0.836875 0.20166667 0.129375 0.07083333
0 0.054375 0.6175 0.08375 0.111666664
0 0.67125 0.5675 0.12 0.16
0 0.09125 0.365 0.08375 0.111666664
0 0.508125 0.33416668 0.10125 0.096666664
0 0.27375 0.32083333 0.12625 0.08083333
