0 0.594375 0.09916667 0.0725 0.096666664
0 0.53375 0.84583336 0.071875 0.07333333
0 0.051875 0.18666667 0.071875 0.08416667
0 0.23375 0.059166666 0.0525 0.07
0 0.059375 0.37 0.0675 0.0925
0 0.516875 0.895 0.069375 0.09166667
0 0.131875 0.6025 0.03 0.04
0 0.20625 0.625 0.04 0.053333335
0 0.9175 0.68583333 0.06375 0.079166666
0 0.3875 0.5025 0.081875 0.09916667
0 0.448125 0.29 0.074375 0.14583333
0 0.32125 0.33166668 0.06375 0.085
0 0.350625 0.21416667 0.050625 0.07666667
0 0.550625 0.7941667 0.0925 0.123333335
0 0.88375 0.8625 0.04125 0.07666667
0 0.188125 0.11 0.05875 0.07833333
0 0.3925 0.8408333 0.0375 0.05
