0 0.795 0.53583336 0.09625 0.12833333
0 0.53 0.2 0.0525 0.07
0 0.464375 0.385 0.0925 0.123333335
0 0.00875 0.88666666 0.066875 0.090833336
0 0.2275 0.5058333 0.06125 0.08166666
0 0.2475 0.66083336 0.0275 0.036666665
0 0.8775 0.36 0.0275 0.036666665
0 0.6225 0.485 0.02875 0.038333334
0 0.680625 0.5316667 0.059375 0.085
0 0.80625 0.123333335 0.12375 0.10666667
0 0.11125 0.1225 0.0925 0.123333335
0 0.6425 0.4375 0.059375 0.12583333
0 0.081875 0.32666665 0.065 0.086666666
0 0.765625 0.12583333 0.12 0.16
