0 0.08375 0.34166667 0.04 0.053333335
0 0.49 0.88916665 0.06625 0.09
0 0.1625 0.61833334 0.05625 0.075
0 0.009375 0.55083334 0.09625 0.12833333
0 0.59375 0.775 0.1 0.13333334
0 0.010625 0.47416666 0.0675 0.090833336
0 0.7 0.69166666 0.055 0.08583333
0 0.10125 0.72583336 0.08 0.10666667
0 0.605625 0.49333334 0.05125 0.068333335
0 0.383125 0.81083333 0.07 0.09
0 0.239375 0.8041667 0.03125 0.041666668
0 0.02375 0.008333334 0.121875 0.16666667
0 0.1825 0.8516667 0.064375 0.08916666
0 0.538125 0.43166667 0.1125 0.15
0 0.055 0.8675 0.07125 0.09166667
