0 0.633125 0.18 0.12 0.16
0 0.619375 0.79333335 0.08875 0.09833334
0 0.4725 0.4125 0.05875 0.07833333
0 0.39625 0.7816667 0.071875 0.08416667
0 0.04625 0.41416666 0.05 0.06916667
0 0.851875 0.25583333 0.05375 0.07666667
0 0.776875 0.33 0.0675 0.0925
0 0.6575 0.41083333 0.06 0.035833333
0 0.11 0.81916666 0.03625 0.048333332
0 0.755625 0.6333333 0.05875 0.07
0 0.72375 0.63 0.061875 0.08166666
0 0.16125 0.93916667 0.0225 0.03
0 0.76875 0.53833336 0.105 0.14
0 0.021875 0.055 0.035 0.046666667
0 0.200625 0.19916667 0.0625 0.094166666
0 0.350625 0.13666667 0.06875 0.09166667
0 0.18 0.915 0.0225 0.03
0 0.6725 0.145 0.111875 0.108333334
