0 0.15483539 0.69631237 0.061728396 0.0867679
0 0.5020576 0.19378163 0.038065843 0.05350687
0 0.110082306 0.45119306 0.056584362 0.079537235
0 0.17283951 0.25885755 0.059156377 0.088214025
0 0.4192387 0.2595806 0.06069959 0.08532176
0 0.86213994 0.38828632 0.030864198 0.04338395
0 0.21656379 0.24222705 0.05812757 0.08026031
0 0.52263373 0.6587129 0.049382716 0.06941432
0 0.37088478 0.27838033 0.022633744 0.031814896
0 0.77160496 0.6066522 0.055555556 0.08749096
0 0.13323045 0.28344178 0.05812757 0.07592191
0 0.534465 0.54591465 0.059156377 0.083875634
0 0.5313786 0.34417933 0.055555556 0.075198844
0 0.15997942 0.91178596 0.05812757 0.08026031
0 0.09207819 0.571222 0.05195473 0.090383224
0 0.17386831 0.38322487 0.057613168 0.081706434
0 0.5576132 0.8011569 0.024691358 0.03470716
0 0.038580246 0.922632 0.05452675 0.06579899
0 0.24279836 0.8394794 0.04835391 0.09327549
