0 0.30401236 0.8141721 0.057613168 0.08098337
0 0.017489713 0.9197397 0.049382716 0.057122197
0 0.9140946 0.10918294 0.049382716 0.06941432
0 0.91512346 0.5307303 0.050411522 0.07013738
0 0.54320985 0.8199566 0.059670784 0.083875634
0 0.79526746 0.51626897 0.07716049 0.10845987
0 0.7772634 0.461316 0.044753086 0.07158352
0 0.2798354 0.28271872 0.028806584 0.040491685
0 0.15226337 0.23788865 0.05144033 0.06579899
0 0.62397116 0.79392624 0.026748972 0.037599422
0 0.5740741 0.7780188 0.048868313 0.07158352
0 0.32098764 0.164859 0.041152265 0.057845265
0 0.50360084 0.13087492 0.049382716 0.06941432
0 0.49434155 0.4815618 0.053497944 0.075198844
0 0.8611111 0.38322487 0.04526749 0.06362979
0 0.16203703 0.5516992 0.05452675 0.04338395
0 0.48971194 0.6319595 0.046296295 0.06507592
0 0.19701646 0.8308026 0.081275724 0.114244394
0 0.37654322 0.07881417 0.024691358 0.03470716
