0 0.72993827 0.66738975 0.081275724 0.114244394
0 0.3446502 0.5039769 0.05452675 0.075198844
0 0.4511317 0.76066524 0.03292181 0.04627621
0 0.81584364 0.2624729 0.079218104 0.11135213
0 0.2813786 0.5748373 0.061728396 0.0867679
0 0.6430041 0.43022415 0.05195473 0.090383224
0 0.91769546 0.7758496 0.050411522 0.070860445
0 0.16820988 0.79537237 0.04835391 0.09327549
0 0.6856996 0.23571946 0.059670784 0.06796818
0 0.54063785 0.50831527 0.041152265 0.057845265
0 0.7690329 0.4251627 0.059670784 0.083875634
0 0.29218107 0.8590022 0.060185187 0.079537235
0 0.86676955 0.34924078 0.043209877 0.060737528
0 0.17901234 0.021691974 0.059156377 0.0845987
0 0.0005144033 0.6710051 0.038065843 0.05350687
0 0.09156378 0.19016631 0.06378601 0.08966016
