0 0.07125 0.79083335 0.14375 0.19166666
0 0.89875 0.5733333 0.0775 0.10333333
0 0.76125 0.43666667 0.14 0.18666667
0 0.56 0.0325 0.065 0.086666666
0 0.5475 0.68666667 0.07875 0.104166664
0 0.374375 0.52 0.09625 0.12833333
0 0.551875 0.35333332 0.12625 0.08083333
0 0.535625 0.5183333 0.1425 0.19
0 0.72625 0.83 0.0925 0.096666664
0 0.615625 0.8441667 0.093125 0.095
0 0.4275 0.14833333 0.1175 0.15666667
0 0.109375 0.10666667 0.0925 0.096666664
0 0.265625 0.29416665 0.0775 0.104166664
0 0.64125 0.39833334 0.09875 0.13166666
0 0.06125 0.14166667 0.09 0.11083333
0 0.556875 0.8566667 0.08375 0.111666664
0 0.823125 0.15416667 0.12875 0.071666665
