0 0.52625 0.33583334 0.05625 0.075
0 0.51875 0.23666666 0.0675 0.0825
0 0.19625 0.7991667 0.068125 0.0925
0 0.1125 0.89 0.06375 0.100833334
0 0.020625 0.56416667 0.065625 0.111666664
0 0.7225 0.63166666 0.0475 0.09166667
0 0.17125 0.41666666 0.068125 0.08416667
0 0.616875 0.4425 0.07125 0.095
0 0.924375 0.28166667 0.06 0.08416667
0 0.001875 0.23333333 0.063125 0.08833333
0 0.479375 0.80833334 0.0475 0.06333333
0 0.129375 0.21583334 0.055 0.07333333
0 0.315 0.16833334 0.068125 0.09916667
0 0.031875 0.30166668 0.0625 0.083333336
0 0.896875 0.64166665 0.065625 0.0925
0 0.0225 0.036666665 0.05125 0.068333335
0 0.3525 0.25 0.06375 0.100833334
